"exp","algo","scale","hostname","idle","iowait","irq","nice","softirq","system","user","timestamp"
"exp2","als","gigantic","cluster-cin-w-1.c.spark-186801.internal",99.1882103159735,0.574497314849507,0,0,0,0.062445360309729,0.174847008867241,1513210891.20248
"exp2","als","gigantic","cluster-cin-w-3.c.spark-186801.internal",99.3627389728852,0.462326627514682,0,0,0,0.0374859427714607,0.137448456828689,1513210891.20354
"exp2","als","gigantic","cluster-cin-w-4.c.spark-186801.internal",99.0509490509491,0.711788211788212,0,0,0,0.0374625374625375,0.1998001998002,1513210891.20404
"exp2","als","gigantic","cluster-cin-w-2.c.spark-186801.internal",99.2503748125937,0.499750124937531,0,0,0,0.0624687656171914,0.187406296851574,1513210891.20439
"exp2","als","gigantic","cluster-cin-w-6.c.spark-186801.internal",99.3253373313343,0.487256371814093,0,0,0,0.0499750124937531,0.137431284357821,1513210891.20933
"exp2","als","gigantic","cluster-cin-w-0.c.spark-186801.internal",99.2753623188406,0.574712643678161,0,0,0,0.0499750124937531,0.0999500249875062,1513210891.21049
"exp2","als","gigantic","cluster-cin-w-5.c.spark-186801.internal",98.9135864135864,0.874125874125874,0,0,0,0.0374625374625375,0.174825174825175,1513210891.21349
"exp2","als","gigantic","cluster-cin-w-1.c.spark-186801.internal",99.5627186406797,0.0124937531234383,0,0,0.0124937531234383,0.249875062468766,0.162418790604698,1513210896.20817
"exp2","als","gigantic","cluster-cin-w-3.c.spark-186801.internal",99.9000624609619,0,0,0,0,0.0249843847595253,0.0749531542785759,1513210896.20908
"exp2","als","gigantic","cluster-cin-w-4.c.spark-186801.internal",99.7501873594804,0.024981264051961,0,0,0.0124906320259805,0.0999250562078441,0.112415688233825,1513210896.20966
"exp2","als","gigantic","cluster-cin-w-2.c.spark-186801.internal",99.4624328041005,0,0,0,0.0625078134766846,0.262532816602075,0.212526565820728,1513210896.21005
"exp2","als","gigantic","cluster-cin-w-6.c.spark-186801.internal",99.8251748251748,0.0124875124875125,0,0,0,0.04995004995005,0.112387612387612,1513210896.21495
"exp2","als","gigantic","cluster-cin-w-0.c.spark-186801.internal",95.6989247311828,0.0125031257814454,0,0,0.0250062515628907,0.775193798449612,3.48837209302326,1513210896.21602
"exp2","als","gigantic","cluster-cin-w-5.c.spark-186801.internal",99.6752435673245,0.0124906320259805,0,0,0.024981264051961,0.149887584311766,0.137396952285786,1513210896.21914
"exp2","als","gigantic","cluster-cin-w-1.c.spark-186801.internal",93.5011269722013,0.162784873528675,0,0,0.0125219133483596,0.964187327823691,5.35937891309792,1513210901.21366
"exp2","als","gigantic","cluster-cin-w-2.c.spark-186801.internal",93.1357839459865,0.425106276569142,0,0,0.0250062515628907,1.12528132033008,5.28882220555139,1513210901.21405
"exp2","als","gigantic","cluster-cin-w-3.c.spark-186801.internal",92.4931301523857,0,0,0,0.024981264051961,0.97426929802648,6.50761928553585,1513210901.21478
"exp2","als","gigantic","cluster-cin-w-4.c.spark-186801.internal",93.8311688311688,0.024975024975025,0,0,0.024975024975025,1.03646353646354,5.08241758241758,1513210901.21507
"exp2","als","gigantic","cluster-cin-w-6.c.spark-186801.internal",94.136767095887,0,0,0,0.0125015626953369,1.0501312664083,4.80060007500938,1513210901.22048
"exp2","als","gigantic","cluster-cin-w-0.c.spark-186801.internal",87.1634314339386,0.375704445835942,0,0,0,0.73888541014402,11.7219787100814,1513210901.22157
"exp2","als","gigantic","cluster-cin-w-5.c.spark-186801.internal",85.5212113627831,0.0125140783381304,0,0,0.0250281566762608,1.73945688900013,12.7017895132024,1513210901.22359
"exp2","als","gigantic","cluster-cin-w-3.c.spark-186801.internal",75.9036144578313,0.0376506024096386,0,0,0.08785140562249,1.78212851405622,22.1887550200803,1513210906.2179
"exp2","als","gigantic","cluster-cin-w-1.c.spark-186801.internal",76.1242640611299,0.0125266190655142,0.0125266190655142,0,0.100212952524114,1.7662532882375,21.9842164599775,1513210906.21934
"exp2","als","gigantic","cluster-cin-w-2.c.spark-186801.internal",75.1691305437234,0.0125281884239539,0,0,0.0626409421197695,1.64119268353796,23.1145076421949,1513210906.22011
"exp2","als","gigantic","cluster-cin-w-4.c.spark-186801.internal",77.2602053593789,0.100175306786877,0,0,0.0751314800901578,1.67793638868019,20.8865514650639,1513210906.22066
"exp2","als","gigantic","cluster-cin-w-6.c.spark-186801.internal",76.9961264525803,0.312382856428839,0,0,0.112457828314382,1.76183931025865,20.8171935524178,1513210906.22612
"exp2","als","gigantic","cluster-cin-w-0.c.spark-186801.internal",78.6877034810919,0.0500876533934385,0,0,0.0876533934385174,1.46506386175808,19.7094916103181,1513210906.22708
"exp2","als","gigantic","cluster-cin-w-5.c.spark-186801.internal",70.1432520733853,0.37697914048756,0,0,0.0879617994470973,2.19904498617743,27.1927620005026,1513210906.22774
"exp2","als","gigantic","cluster-cin-w-3.c.spark-186801.internal",59.7110552763819,0,0,0,0.238693467336683,2.26130653266332,37.7889447236181,1513210911.22194
"exp2","als","gigantic","cluster-cin-w-2.c.spark-186801.internal",54.5215100965759,0.0125423303649818,0,0,0.150507964379782,2.64643170701116,42.6690079016681,1513210911.22204
"exp2","als","gigantic","cluster-cin-w-1.c.spark-186801.internal",59.9848999622499,0.0251667295834906,0,0,0.21391720145967,2.35308921605637,37.4229268906506,1513210911.22337
"exp2","als","gigantic","cluster-cin-w-4.c.spark-186801.internal",57.7106318956871,0.100300902708124,0,0,0.238214643931795,2.45737211634905,39.493480441324,1513210911.22449
"exp2","als","gigantic","cluster-cin-w-0.c.spark-186801.internal",59.9749530369443,0,0,0,0.162805259862242,2.02880400751409,37.8334376956794,1513210911.22904
"exp2","als","gigantic","cluster-cin-w-6.c.spark-186801.internal",58.7305569493226,0.0376317109884596,0,0,0.225790265930758,2.42097340692423,38.5850476668339,1513210911.23103
"exp2","als","gigantic","cluster-cin-w-5.c.spark-186801.internal",38.8895867353348,0.150734832307499,0,0,0.200979776409999,2.97701293807311,57.7816857178746,1513210911.23165
"exp2","als","gigantic","cluster-cin-w-3.c.spark-186801.internal",37.8761283851555,0.0125376128385155,0,0,0.275827482447342,3.81143430290873,58.0240722166499,1513210916.22596
"exp2","als","gigantic","cluster-cin-w-2.c.spark-186801.internal",26.2150591790481,0.012591286829514,0,0,0.25182573659028,5.20020146058927,68.3203223369428,1513210916.22625
"exp2","als","gigantic","cluster-cin-w-4.c.spark-186801.internal",33.9328386366495,0.0125770343353037,0,0,0.251540686706075,4.47742422336813,61.325619418941,1513210916.22823
"exp2","als","gigantic","cluster-cin-w-1.c.spark-186801.internal",35.406458097751,0.0251287850232441,0,0,0.263852242744063,4.24676466892826,60.0577962055535,1513210916.22828
"exp2","als","gigantic","cluster-cin-w-0.c.spark-186801.internal",41.8254764292879,0.0125376128385155,0,0,0.238214643931795,3.76128385155466,54.1624874623872,1513210916.23302
"exp2","als","gigantic","cluster-cin-w-6.c.spark-186801.internal",45.0538442273979,0,0,0,0.175306786877035,3.26821938392186,51.5026296018032,1513210916.23506
"exp2","als","gigantic","cluster-cin-w-5.c.spark-186801.internal",12.8555318882346,0.0125297581756672,0,0,0.213005888986343,4.5107129432402,82.4082195213632,1513210916.2358
"exp2","als","gigantic","cluster-cin-w-3.c.spark-186801.internal",44.2625015745056,0.0125960448419196,0,0,0.176344627786875,6.87744048368812,48.6711172691775,1513210921.23156
"exp2","als","gigantic","cluster-cin-w-2.c.spark-186801.internal",48.1481481481481,0,0.0125549278091651,0,0.150659133709981,5.23540489642185,46.4532328939109,1513210921.23205
"exp2","als","gigantic","cluster-cin-w-1.c.spark-186801.internal",51.1208515967439,0.0125234815278647,0,0,0.125234815278647,4.60864120225423,44.1327489041954,1513210921.23388
"exp2","als","gigantic","cluster-cin-w-4.c.spark-186801.internal",55.251256281407,0.0125628140703518,0,0,0.150753768844221,6.67085427135678,37.9145728643216,1513210921.23394
"exp2","als","gigantic","cluster-cin-w-0.c.spark-186801.internal",48.8534144178386,0.0253389078930698,0,0,0.101355631572279,8.8559483086279,42.1639427340682,1513210921.23877
"exp2","als","gigantic","cluster-cin-w-5.c.spark-186801.internal",41.6519768320322,0,0,0,0.151095441954168,6.88743389574415,51.3094938302695,1513210921.24061
"exp2","als","gigantic","cluster-cin-w-6.c.spark-186801.internal",54.795548330624,0,0,0,0.100037514067775,3.43878954607978,41.6656246092285,1513210921.24088
"exp2","als","gigantic","cluster-cin-w-2.c.spark-186801.internal",47.7195198989261,0.0126342387871131,0,0,0.151610865445357,6.55716993051169,45.5590650663298,1513210926.23408
"exp2","als","gigantic","cluster-cin-w-4.c.spark-186801.internal",54.0944184280471,0,0,0,0.126566257435768,6.69535501835211,39.083660296165,1513210926.23623
"exp2","als","gigantic","cluster-cin-w-3.c.spark-186801.internal",59.4764661464888,0,0,0,0.113264535615404,5.39894286433426,35.0113264535615,1513210926.23703
"exp2","als","gigantic","cluster-cin-w-1.c.spark-186801.internal",55.2305961754781,0.0499937507811524,0,0,0.162479690038745,1.89976252968379,42.6571678540182,1513210926.23852
"exp2","als","gigantic","cluster-cin-w-0.c.spark-186801.internal",62.7609768442364,0.0126534227508541,0,0,0.0632671137542705,8.74351512084019,28.4195874984183,1513210926.24102
"exp2","als","gigantic","cluster-cin-w-6.c.spark-186801.internal",58.9759639459189,0,0,0,0.0751126690035053,2.52879318978468,38.4201301952929,1513210926.24313
"exp2","als","gigantic","cluster-cin-w-5.c.spark-186801.internal",44.8007041368037,0.0377216144851,0,0,0.100590971960267,5.16786118445869,49.8931220922922,1513210926.24383
"exp2","als","gigantic","cluster-cin-w-2.c.spark-186801.internal",49.0161453077699,0,0,0,0.100908173562059,5.10847628657921,45.7744702320888,1513210931.23961
"exp2","als","gigantic","cluster-cin-w-4.c.spark-186801.internal",58.7930816816059,0.0252493372048984,0,0,0.0757480116146951,6.04721626057316,35.0587047090014,1513210931.24191
"exp2","als","gigantic","cluster-cin-w-3.c.spark-186801.internal",53.5367545076283,0,0,0,0.126087504728281,6.10263522884882,40.2345227587946,1513210931.24268
"exp2","als","gigantic","cluster-cin-w-1.c.spark-186801.internal",53.548708993389,0,0,0,0.124734938256206,1.70886865411002,44.6176874142447,1513210931.24416
"exp2","als","gigantic","cluster-cin-w-0.c.spark-186801.internal",58.4884017333673,0.012745347947999,0,0,0.0764720876879939,9.76293652816722,31.6594443028295,1513210931.24506
"exp2","als","gigantic","cluster-cin-w-6.c.spark-186801.internal",61.7952244030504,0.0250031253906738,0,0,0.0625078134766846,1.46268283535442,36.6545818227278,1513210931.24883
"exp2","als","gigantic","cluster-cin-w-5.c.spark-186801.internal",54.4369029663147,0.0251382604323781,0,0,0.100553041729512,5.12820512820513,40.3092006033183,1513210931.24924
"exp2","als","gigantic","cluster-cin-w-2.c.spark-186801.internal",55.0182596650296,0.327414683289258,0,0,0.100742979473618,6.42236494144314,38.1312177307644,1513210936.2421
"exp2","als","gigantic","cluster-cin-w-0.c.spark-186801.internal",55.766793409379,0.0126742712294043,0,0,0.101394169835234,8.59315589353612,35.5259822560203,1513210936.24575
"exp2","als","gigantic","cluster-cin-w-3.c.spark-186801.internal",53.695077426665,0.478408661714717,0,0,0.151076419488858,5.74090394057661,39.9345335515548,1513210936.24654
"exp2","als","gigantic","cluster-cin-w-4.c.spark-186801.internal",57.9020449381469,0.0252461499621308,0,0,0.113607674829588,5.98333754102499,35.9757636960364,1513210936.24747
"exp2","als","gigantic","cluster-cin-w-1.c.spark-186801.internal",60.8467590857999,0.212314225053079,0,0,0.0749344323716748,1.54864493568128,37.317347321094,1513210936.24971
"exp2","als","gigantic","cluster-cin-w-5.c.spark-186801.internal",53.9430587049635,0.0503905265810028,0,0,0.100781053162006,5.3665910808768,40.5391786344167,1513210936.25151
"exp2","als","gigantic","cluster-cin-w-6.c.spark-186801.internal",59.3796898449225,0.0125062531265633,0,0,0.087543771885943,1.78839419709855,38.7318659329665,1513210936.25448
"exp2","als","gigantic","cluster-cin-w-2.c.spark-186801.internal",53.14040187034,0.214836345254644,0,0,0.0884620245166182,6.68520156704158,39.8710981928472,1513210941.24771
"exp2","als","gigantic","cluster-cin-w-0.c.spark-186801.internal",62.2349206349206,0.0253968253968254,0,0,0.0634920634920635,8.40634920634921,29.2698412698413,1513210941.24904
"exp2","als","gigantic","cluster-cin-w-3.c.spark-186801.internal",61.1068991660349,0.0126358352287086,0,0,0.0631791761435431,6.00202173363659,32.8152640889563,1513210941.25158
"exp2","als","gigantic","cluster-cin-w-5.c.spark-186801.internal",55.748071329202,0.0885291513848489,0,0,0.0505880865056279,6.07057038067535,38.0422410522322,1513210941.25252
"exp2","als","gigantic","cluster-cin-w-4.c.spark-186801.internal",52.3935834280662,0.0252620942276115,0,0,0.0884173297966401,7.66704559808008,39.8256915498295,1513210941.25299
"exp2","als","gigantic","cluster-cin-w-1.c.spark-186801.internal",62.3090408214375,0.0375657400450789,0,0,0.0626095667417981,1.46506386175808,36.1257200100175,1513210941.25548
"exp2","als","gigantic","cluster-cin-w-6.c.spark-186801.internal",62.3135731294648,0.0125328988595062,0,0,0.0501315954380248,1.51648076200025,36.1072816142374,1513210941.25914
"exp2","als","gigantic","cluster-cin-w-2.c.spark-186801.internal",60.8739326971371,0.313912606730286,0,0,0.113008538422903,5.91411351079859,32.7850326469111,1513210946.25005
"exp2","als","gigantic","cluster-cin-w-0.c.spark-186801.internal",67.4712498420321,0.151649184885631,0,0,0.0758245924428156,7.44344749146973,24.8578288891697,1513210946.25301
"exp2","als","gigantic","cluster-cin-w-5.c.spark-186801.internal",57.9635449402891,0.087994971715902,0,0,0.11313639220616,3.67064739157762,38.1646763042112,1513210946.2555
"exp2","als","gigantic","cluster-cin-w-4.c.spark-186801.internal",65.0687523653337,0.277532483915731,0,0,0.050460451621042,5.97956351709348,28.6236911820361,1513210946.25619
"exp2","als","gigantic","cluster-cin-w-3.c.spark-186801.internal",68.4771700953337,0.351229302558956,0,0,0.0752634219769192,3.9764174611139,27.1199197190166,1513210946.25703
"exp2","als","gigantic","cluster-cin-w-1.c.spark-186801.internal",69.6716194281433,0.16231739293295,0,0,0.174803346235485,1.77300536895992,28.2182544637283,1513210946.2585
"exp2","als","gigantic","cluster-cin-w-6.c.spark-186801.internal",71.5821044738815,0.124968757810547,0,0,0.0749812546863284,1.47463134216446,26.7433141714571,1513210946.26317
"exp2","als","gigantic","cluster-cin-w-2.c.spark-186801.internal",52.221100454316,0.302877334679455,0,0,0.088339222614841,5.74204946996466,41.645633518425,1513210951.25563
"exp2","als","gigantic","cluster-cin-w-0.c.spark-186801.internal",50.5107252298264,0.0510725229826353,0,0,0.0510725229826353,12.4489274770174,36.938202247191,1513210951.25619
"exp2","als","gigantic","cluster-cin-w-4.c.spark-186801.internal",59.6165973010468,0.138731239752806,0,0,0.0630596544330937,5.5870853827721,34.5945264219952,1513210951.26023
"exp2","als","gigantic","cluster-cin-w-5.c.spark-186801.internal",41.2270714737508,0.0759013282732448,0,0,0.113851992409867,6.8437697659709,51.7394054395952,1513210951.26128
"exp2","als","gigantic","cluster-cin-w-3.c.spark-186801.internal",53.5172064777328,0.0759109311740891,0,0,0.0379554655870445,7.52783400809717,38.8410931174089,1513210951.26188
"exp2","als","gigantic","cluster-cin-w-1.c.spark-186801.internal",55.6069508688586,0.125015626953369,0,0,0.137517189648706,2.47530941367671,41.6552069008626,1513210951.26401
"exp2","als","gigantic","cluster-cin-w-6.c.spark-186801.internal",57.9401827055437,0.0500563133525216,0,0,0.100112626705043,2.49030158928795,39.4193467651108,1513210951.26884
"exp2","als","gigantic","cluster-cin-w-2.c.spark-186801.internal",60.1588101840182,0.0252079657171666,0,0,0.0630199142929166,5.84824804638266,33.9047138895891,1513210956.26138
"exp2","als","gigantic","cluster-cin-w-0.c.spark-186801.internal",69.3939393939394,0.0505050505050505,0,0,0.0378787878787879,6.96969696969697,23.5479797979798,1513210956.26152
"exp2","als","gigantic","cluster-cin-w-4.c.spark-186801.internal",65.9569106715384,0.0377976565452942,0.0125992188484314,0,0.0251984376968628,6.97996724203099,26.9875267733401,1513210956.26599
"exp2","als","gigantic","cluster-cin-w-5.c.spark-186801.internal",61.3130423846057,0.0125770343353037,0,0,0.0628851716765187,4.51515532637404,34.0963400830084,1513210956.26687
"exp2","als","gigantic","cluster-cin-w-3.c.spark-186801.internal",68.3952787543948,0.0251130085384229,0,0,0.0502260170768458,4.15620291310899,27.373179306881,1513210956.26743
"exp2","als","gigantic","cluster-cin-w-1.c.spark-186801.internal",71.8413810357768,0.0250187640730548,0,0,0.0500375281461096,1.38854140605454,26.6950212659495,1513210956.26969
"exp2","als","gigantic","cluster-cin-w-6.c.spark-186801.internal",70.7213401675209,0.150018752344043,0,0,0.0375046880860107,1.95024378047256,27.1408926115764,1513210956.27441
"exp2","als","gigantic","cluster-cin-w-2.c.spark-186801.internal",51.3950258805706,0.227244034844085,0,0,0.15149602322939,5.87047090013887,42.355763161217,1513210961.26284
"exp2","als","gigantic","cluster-cin-w-0.c.spark-186801.internal",63.6155896915069,0.152342262282595,0,0,0.0507807540941983,10.2069315729339,25.9743557191824,1513210961.26702
"exp2","als","gigantic","cluster-cin-w-4.c.spark-186801.internal",56.4634454844422,0.0126486213002783,0,0,0.0758917278016696,7.26030862635973,36.1877055400961,1513210961.27131
"exp2","als","gigantic","cluster-cin-w-5.c.spark-186801.internal",44.2554799697657,0,0,0,0.125976316452507,5.70672713529856,49.9118165784832,1513210961.27194
"exp2","als","gigantic","cluster-cin-w-3.c.spark-186801.internal",60.3914141414141,0.0252525252525253,0,0,0.0631313131313131,5.82070707070707,33.6994949494949,1513210961.27292
"exp2","als","gigantic","cluster-cin-w-1.c.spark-186801.internal",57.1964956195244,0.0250312891113892,0,0,0.112640801001252,1.51439299123905,41.1514392991239,1513210961.27453
"exp2","als","gigantic","cluster-cin-w-6.c.spark-186801.internal",61.4112044115804,0.200526381752099,0,0,0.0375986965785186,2.05539541295902,36.29527509713,1513210961.28003
"exp2","als","gigantic","cluster-cin-w-2.c.spark-186801.internal",60.5379467104432,0.113650713473923,0,0,0.0631392852632908,5.78355853011744,33.5017047607021,1513210966.26831
"exp2","als","gigantic","cluster-cin-w-0.c.spark-186801.internal",65.7774390243902,0.0635162601626016,0,0,0.038109756097561,9.00660569105691,25.1143292682927,1513210966.27279
"exp2","als","gigantic","cluster-cin-w-4.c.spark-186801.internal",62.1846619576186,0.0882946518668012,0,0,0.113521695257316,6.77346115035318,30.8400605449041,1513210966.27624
"exp2","als","gigantic","cluster-cin-w-5.c.spark-186801.internal",65.8057200453572,0.062996094242157,0,0,0.062996094242157,4.61131409852589,29.4569736676326,1513210966.27728
"exp2","als","gigantic","cluster-cin-w-1.c.spark-186801.internal",66.6000249906285,0.0124953142571536,0,0,0.112457828314382,0.949643883543671,32.3253779832563,1513210966.27849
"exp2","als","gigantic","cluster-cin-w-3.c.spark-186801.internal",64.710336993563,0.0757288905717531,0,0,0.0504859270478354,5.65442382935757,29.5090243594598,1513210966.27855
"exp2","als","gigantic","cluster-cin-w-6.c.spark-186801.internal",70.4440275171983,0.0375234521575985,0,0,0.0125078173858662,1.75109443402126,27.754846779237,1513210966.28558
"exp2","als","gigantic","cluster-cin-w-2.c.spark-186801.internal",53.8228996095226,0.138556493261116,0,0,0.100768358735357,5.47927950623504,40.4584960322459,1513210971.27388
"exp2","als","gigantic","cluster-cin-w-0.c.spark-186801.internal",54.8333757313661,0.0127194098193844,0,0,0.0763164589163063,11.714576443653,33.3630119562452,1513210971.27705
"exp2","als","gigantic","cluster-cin-w-5.c.spark-186801.internal",46.1005417664105,0.0755953130905884,0,0,0.125992188484314,7.05556255512158,46.642308176893,1513210971.27954
"exp2","als","gigantic","cluster-cin-w-4.c.spark-186801.internal",60.8097880928355,0.0126135216952573,0,0,0.0882946518668012,6.470736629667,32.6185671039354,1513210971.28031
"exp2","als","gigantic","cluster-cin-w-1.c.spark-186801.internal",56.6325256057957,0.0874344241818636,0,0,0.137396952285786,1.72370721958531,41.4189357981514,1513210971.28399
"exp2","als","gigantic","cluster-cin-w-3.c.spark-186801.internal",54.5305401312468,0.100959111559818,0,0,0.151438667339727,7.35739525492176,37.8596668349319,1513210971.28409
"exp2","als","gigantic","cluster-cin-w-6.c.spark-186801.internal",57.9065982221109,0.0125203455615375,0,0,0.112683110053837,2.37886565669212,39.5893326655816,1513210971.29105
"exp2","als","gigantic","cluster-cin-w-2.c.spark-186801.internal",57.4642902287953,0.0632031348754898,0,0,0.101125015800784,6.64896978890153,35.7224118316269,1513210976.27956
"exp2","als","gigantic","cluster-cin-w-0.c.spark-186801.internal",67.9969593310528,0.114025085518814,0,0,0.0253389078930698,8.0577727099962,23.8059039655391,1513210976.28101
"exp2","als","gigantic","cluster-cin-w-5.c.spark-186801.internal",65.4554630330558,0.0757002271006813,0,0,0.0757002271006813,5.43779964673227,28.9553368660106,1513210976.28524
"exp2","als","gigantic","cluster-cin-w-4.c.spark-186801.internal",66.4015151515152,0.0126262626262626,0,0,0.0757575757575758,7.99242424242424,25.5176767676768,1513210976.28577
"exp2","als","gigantic","cluster-cin-w-1.c.spark-186801.internal",70.1651238428822,0.0500375281461096,0,0,0.062546910182637,1.20090067550663,28.5213910432825,1513210976.28962
"exp2","als","gigantic","cluster-cin-w-3.c.spark-186801.internal",64.5445395067942,0.100654252642174,0,0,0.0629089079013588,5.24660291897333,30.045294413689,1513210976.2902
"exp2","als","gigantic","cluster-cin-w-6.c.spark-186801.internal",70.8474151958944,0,0,0,0.0375516334960571,1.40192765051946,27.7131055200901,1513210976.29662
"exp2","als","gigantic","cluster-cin-w-2.c.spark-186801.internal",55.8533501896334,0.139064475347661,0,0,0.0758533501896334,6.61188369152971,37.3198482932996,1513210981.28512
"exp2","als","gigantic","cluster-cin-w-0.c.spark-186801.internal",65.3695018380023,0.152110533654456,0,0,0.0380276334136139,9.06325263024464,25.377107364685,1513210981.28661
"exp2","als","gigantic","cluster-cin-w-5.c.spark-186801.internal",51.5762925598991,0.0504413619167718,0,0,0.126103404791929,6.65825977301387,41.5889029003783,1513210981.28773
"exp2","als","gigantic","cluster-cin-w-4.c.spark-186801.internal",59.2236692375774,0.0252876469844481,0,0,0.0758629409533443,6.52421292198761,34.1509672524972,1513210981.29118
"exp2","als","gigantic","cluster-cin-w-3.c.spark-186801.internal",63.816120906801,0.125944584382872,0,0,0.0503778337531486,5.46599496221662,30.5415617128463,1513210981.29387
"exp2","als","gigantic","cluster-cin-w-1.c.spark-186801.internal",62.4765478424015,0.0125078173858662,0,0,0.100062539086929,1.60100062539087,35.8098811757348,1513210981.29449
"exp2","als","gigantic","cluster-cin-w-6.c.spark-186801.internal",66.0582572821603,0.0125015626953369,0,0,0.0500062507813477,1.92524065508189,31.9539942492812,1513210981.29931
"exp2","als","gigantic","cluster-cin-w-2.c.spark-186801.internal",53.1620055429579,0.113378684807256,0,0,0.125976316452507,6.44998740236835,40.148652053414,1513210986.29084
"exp2","als","gigantic","cluster-cin-w-0.c.spark-186801.internal",60.6153063818968,0.07627765064836,0,0,0.0635647088736334,9.62369692346809,29.6211543351131,1513210986.29231
"exp2","als","gigantic","cluster-cin-w-5.c.spark-186801.internal",58.8949298267796,0.012643823492224,0,0,0.0632191174611202,5.61385763054748,35.4153496017196,1513210986.29335
"exp2","als","gigantic","cluster-cin-w-4.c.spark-186801.internal",63.8755375664053,0.177080698203896,0,0,0.0379458639008348,6.32431065013914,29.5851252213509,1513210986.29685
"exp2","als","gigantic","cluster-cin-w-3.c.spark-186801.internal",59.6843434343434,0.0883838383838384,0,0,0.0883838383838384,5.92171717171717,34.2171717171717,1513210986.29959
"exp2","als","gigantic","cluster-cin-w-1.c.spark-186801.internal",63.7593984962406,0.050125313283208,0,0,0.06265664160401,1.44110275689223,34.6867167919799,1513210986.30026
"exp2","als","gigantic","cluster-cin-w-6.c.spark-186801.internal",66.8377566349524,0.175262894341512,0,0,0.100150225338007,1.92789183775663,30.9589384076114,1513210986.30496
"exp2","als","gigantic","cluster-cin-w-2.c.spark-186801.internal",55.627050214484,0.113550340651022,0,0,0.0757002271006813,6.03078475902094,38.1529144587434,1513210991.29406
"exp2","als","gigantic","cluster-cin-w-0.c.spark-186801.internal",61.1068799187611,0.0507743082000508,0,0,0.0507743082000508,9.12668189895913,29.6648895658797,1513210991.29703
"exp2","als","gigantic","cluster-cin-w-5.c.spark-186801.internal",53.1363922061596,0.100565681961031,0,0,0.0628535512256442,5.11627906976744,41.5839094908862,1513210991.29884
"exp2","als","gigantic","cluster-cin-w-4.c.spark-186801.internal",63.7016504976691,0.062996094242157,0,0,0.0755953130905884,6.14841879803452,30.0113392969636,1513210991.30021
"exp2","als","gigantic","cluster-cin-w-1.c.spark-186801.internal",63.9598997493734,0.012531328320802,0,0,0.050125313283208,1.62907268170426,34.3483709273183,1513210991.3025
"exp2","als","gigantic","cluster-cin-w-3.c.spark-186801.internal",58.2692065093983,0.0126151129052605,0,0,0.113536016147345,6.45893780749338,35.1457045540558,1513210991.30504
"exp2","als","gigantic","cluster-cin-w-6.c.spark-186801.internal",64.398298724043,0.112584438328747,0,0,0.0750562922191644,1.97648236177133,33.4375781836377,1513210991.30728
"exp2","als","gigantic","cluster-cin-w-2.c.spark-186801.internal",53.0540131246845,0.164058556284705,0,0,0.0630994447248864,5.79252902574457,40.9262998485613,1513210996.29973
"exp2","als","gigantic","cluster-cin-w-0.c.spark-186801.internal",66.0017786812349,0.139753525600305,0,0,0.0508194638546563,8.53766992758226,25.2699784017279,1513210996.30076
"exp2","als","gigantic","cluster-cin-w-4.c.spark-186801.internal",61.9523930108888,0.11395289946822,0,0,0.0506457330969866,7.81210433021018,30.0709040263358,1513210996.30271
"exp2","als","gigantic","cluster-cin-w-5.c.spark-186801.internal",58.6163363211716,0.0252493372048984,0,0,0.0757480116146951,6.17346294659765,35.1092033834112,1513210996.30343
"exp2","als","gigantic","cluster-cin-w-1.c.spark-186801.internal",65.7107075767063,0.0375704445835942,0,0,0.0250469630557295,1.28991859737007,32.9367564182843,1513210996.30821
"exp2","als","gigantic","cluster-cin-w-3.c.spark-186801.internal",61.3862633900441,0.0126023944549464,0,0,0.0504095778197858,5.38122243226213,33.169502205419,1513210996.31076
"exp2","als","gigantic","cluster-cin-w-6.c.spark-186801.internal",67.2178379055493,0.175372666917199,0,0,0.0626330953275711,1.40298133533759,31.1411749968683,1513210996.3128
"exp2","als","gigantic","cluster-cin-w-2.c.spark-186801.internal",58.1036662452592,0.101137800252844,0,0,0.0505689001264222,5.92920353982301,35.8154235145386,1513211001.30211
"exp2","als","gigantic","cluster-cin-w-4.c.spark-186801.internal",59.8665155521975,0,0,0,0.0881501070394157,6.44755068631155,33.5977836544516,1513211001.30426
"exp2","als","gigantic","cluster-cin-w-0.c.spark-186801.internal",67.9913934944944,0.0253132514871535,0,0,0.0253132514871535,7.60663207188963,24.3513479306417,1513211001.30509
"exp2","als","gigantic","cluster-cin-w-5.c.spark-186801.internal",58.9191232048375,0,0,0,0.113378684807256,4.88788107835727,36.079617031998,1513211001.30751
"exp2","als","gigantic","cluster-cin-w-1.c.spark-186801.internal",65.7700487926936,0.0375328412360816,0,0,0.0500437883147754,1.85162016764669,32.2907544101088,1513211001.31055
"exp2","als","gigantic","cluster-cin-w-6.c.spark-186801.internal",71.535767883942,0.087543771885943,0,0,0.0750375187593797,1.82591295647824,26.4757378689345,1513211001.31532
"exp2","als","gigantic","cluster-cin-w-3.c.spark-186801.internal",67.1153604226947,0.0125801987671405,0,0,0.0629009938357026,4.60435274877343,28.204805635929,1513211001.31624
"exp2","als","gigantic","cluster-cin-w-2.c.spark-186801.internal",54.9577926168578,0.239385158120197,0,0,0.062996094242157,5.34206879173491,39.397757339045,1513211006.30609
"exp2","als","gigantic","cluster-cin-w-4.c.spark-186801.internal",62.8232622681973,0.0126151129052605,0.0126151129052605,0,0.050460451621042,5.71464614608301,31.3864009082881,1513211006.30995
"exp2","als","gigantic","cluster-cin-w-0.c.spark-186801.internal",56.8804999362326,0.0637673766101263,0,0,0.0255069506440505,11.2868256599923,31.7434000765209,1513211006.31054
"exp2","als","gigantic","cluster-cin-w-5.c.spark-186801.internal",54.0199419411839,0.0252429635239177,0,0,0.0504859270478354,6.46219866212293,39.4421305061214,1513211006.3132
"exp2","als","gigantic","cluster-cin-w-1.c.spark-186801.internal",59.4669002627956,0.0250281566762608,0,0,0.062570391690652,1.57677387060443,38.868727318233,1513211006.3162
"exp2","als","gigantic","cluster-cin-w-6.c.spark-186801.internal",62.4780976220275,0.125156445556946,0,0,0.0625782227784731,1.95244055068836,35.3817271589487,1513211006.32102
"exp2","als","gigantic","cluster-cin-w-3.c.spark-186801.internal",56.9588279868654,0.0884061631725183,0,0,0.0631472594089417,6.35261429653953,36.5370042940136,1513211006.32185
"exp2","als","gigantic","cluster-cin-w-2.c.spark-186801.internal",60.2976415689242,0.0252238617732375,0,0,0.0882835162063312,5.12044393996721,34.468407113129,1513211011.31173
"exp2","als","gigantic","cluster-cin-w-0.c.spark-186801.internal",65.4953697830775,0.114169732335405,0,0,0.0761131548902702,8.29633388303945,26.0180134466574,1513211011.31205
"exp2","als","gigantic","cluster-cin-w-4.c.spark-186801.internal",63.9389736477115,0.100870003782625,0,0,0.0504350018913126,6.32959273735973,29.5801286092548,1513211011.31223
"exp2","als","gigantic","cluster-cin-w-5.c.spark-186801.internal",59.6299093655589,0.0377643504531722,0,0,0.0881168177240685,5.19889224572004,35.0453172205438,1513211011.31551
"exp2","als","gigantic","cluster-cin-w-1.c.spark-186801.internal",69.6700824793802,0.0124968757810547,0,0,0.0749812546863284,1.44963759060235,28.7928017995501,1513211011.31853
"exp2","als","gigantic","cluster-cin-w-6.c.spark-186801.internal",69.4232453396722,0.112598523708245,0,0,0.0375328412360816,1.72651069685975,28.7001125985237,1513211011.32335
"exp2","als","gigantic","cluster-cin-w-3.c.spark-186801.internal",64.3027488389607,0.138069536839463,0,0,0.100414208610518,4.4935358353207,30.9652315802686,1513211011.32735
"exp2","als","gigantic","cluster-cin-w-2.c.spark-186801.internal",51.2124273806517,0.202071230108613,0,0,0.07577671129073,6.68098004546603,41.828744632483,1513211016.31408
"exp2","als","gigantic","cluster-cin-w-0.c.spark-186801.internal",63.8400814871403,0.127323656735421,0,0,0.0381970970206264,10.6187929717341,25.3756047873695,1513211016.3177
"exp2","als","gigantic","cluster-cin-w-4.c.spark-186801.internal",59.9038096443488,0.0126566257435768,0,0,0.0253132514871535,7.06239716491583,32.9958233135046,1513211016.31815
"exp2","als","gigantic","cluster-cin-w-5.c.spark-186801.internal",52.1199848120491,0.0126566257435768,0,0,0.101253005948614,6.70801164409568,41.058093912163,1513211016.32118
"exp2","als","gigantic","cluster-cin-w-1.c.spark-186801.internal",60.4947526236882,0.0249875062468766,0,0,0.149925037481259,1.4367816091954,37.8935532233883,1513211016.32419
"exp2","als","gigantic","cluster-cin-w-6.c.spark-186801.internal",63.6798389126605,0.201359174427385,0,0,0.113264535615404,2.46664988673546,33.5388874905613,1513211016.32738
"exp2","als","gigantic","cluster-cin-w-3.c.spark-186801.internal",61.3791361454913,0.176812326345037,0,0,0.0631472594089417,5.93584238444052,32.4450618843142,1513211016.33301
"exp2","als","gigantic","cluster-cin-w-2.c.spark-186801.internal",61.0900832702498,0.100933636134242,0,0,0.0504668180671209,5.72798385061822,33.0305324249306,1513211021.31959
"exp2","als","gigantic","cluster-cin-w-0.c.spark-186801.internal",71.6265591533325,0.0755953130905884,0,0,0.0251984376968628,6.79097895930452,21.4816681365755,1513211021.32134
"exp2","als","gigantic","cluster-cin-w-4.c.spark-186801.internal",65.8176774681629,0,0,0,0.0252175009456563,6.2287227335771,27.9283822973143,1513211021.32344
"exp2","als","gigantic","cluster-cin-w-5.c.spark-186801.internal",69.1034482758621,0.0250783699059561,0,0,0.0877742946708464,3.73667711598746,27.0470219435737,1513211021.32668
"exp2","als","gigantic","cluster-cin-w-1.c.spark-186801.internal",70.1188242651657,0.0125078173858662,0,0,0.0250156347717323,1.37585991244528,28.4677923702314,1513211021.32956
"exp2","als","gigantic","cluster-cin-w-6.c.spark-186801.internal",74.5053844227398,0.0626095667417981,0,0,0.0500876533934385,1.80315552216379,23.5787628349612,1513211021.3329
"exp2","als","gigantic","cluster-cin-w-3.c.spark-186801.internal",69.6406132194019,0.113093742146268,0,0,0.0502638853983413,4.31012817290777,25.8859009801458,1513211021.33847
"exp2","als","gigantic","cluster-cin-w-2.c.spark-186801.internal",52.3185483870968,0.289818548387097,0,0,0.138608870967742,6.09879032258065,41.1542338709677,1513211026.32505
"exp2","als","gigantic","cluster-cin-w-0.c.spark-186801.internal",52.2631646053806,0.0892515619023333,0,0,0.051000892515619,12.0107101874283,35.5858727527732,1513211026.3268
"exp2","als","gigantic","cluster-cin-w-4.c.spark-186801.internal",60.6171284634761,0.0125944584382872,0,0,0.0881612090680101,6.00755667506297,33.2745591939547,1513211026.3289
"exp2","als","gigantic","cluster-cin-w-5.c.spark-186801.internal",45.0403836446239,0.0252397778899546,0.0126198889449773,0,0.113579000504796,6.7768803634528,48.0312973245835,1513211026.33213
"exp2","als","gigantic","cluster-cin-w-1.c.spark-186801.internal",56.5837188945855,0.0625234462923596,0,0,0.100037514067775,1.5130674002751,41.7406527447793,1513211026.33508
"exp2","als","gigantic","cluster-cin-w-6.c.spark-186801.internal",58.802861086711,0.163132137030995,0,0,0.0376458777763835,2.37169029991216,38.6246705985695,1513211026.33575
"exp2","als","gigantic","cluster-cin-w-3.c.spark-186801.internal",52.8240040342915,0.18910741301059,0,0,0.126071608673727,7.55168935955623,39.309127584468,1513211026.34389
"exp2","als","gigantic","cluster-cin-w-2.c.spark-186801.internal",62.1355547141234,0.151457781143506,0,0,0.088350372333712,6.31074088097943,31.3138962514199,1513211031.33077
"exp2","als","gigantic","cluster-cin-w-0.c.spark-186801.internal",70.595690747782,0.139416983523447,0,0,0.0506970849176172,7.02154626108999,22.1926489226869,1513211031.33251
"exp2","als","gigantic","cluster-cin-w-4.c.spark-186801.internal",69.1860465116279,0.101112234580384,0,0,0.0379170879676441,6.7618806875632,23.9130434782609,1513211031.33457
"exp2","als","gigantic","cluster-cin-w-5.c.spark-186801.internal",73.0957460158113,0.0125486259254612,0,0,0.0501945037018446,3.01167022211068,23.8298406324507,1513211031.33763
"exp2","als","gigantic","cluster-cin-w-1.c.spark-186801.internal",74.0652744779292,0,0,0,0.0250093785169439,1.00037514067775,24.9093410028761,1513211031.34075
"exp2","als","gigantic","cluster-cin-w-6.c.spark-186801.internal",74.749624436655,0.100150225338007,0,0,0.0375563345017526,1.25187781672509,23.8607911867802,1513211031.34148
"exp2","als","gigantic","cluster-cin-w-3.c.spark-186801.internal",71.7035732259688,0.113236034222446,0,0,0.0377453447408153,4.42878711625566,23.7166582788123,1513211031.34947
"exp2","als","gigantic","cluster-cin-w-2.c.spark-186801.internal",54.998740871317,0.201460589272224,0,0,0.100730294636112,6.14454797280282,38.5545202719718,1513211036.3352
"exp2","als","gigantic","cluster-cin-w-4.c.spark-186801.internal",56.4530400707875,0.176968777651372,0,0,0.0758437618505878,8.01415750221211,35.2799898874984,1513211036.33625
"exp2","als","gigantic","cluster-cin-w-0.c.spark-186801.internal",66.3000884843888,0.176968777651372,0,0,0.0758437618505878,8.27961066868917,25.16748830742,1513211036.33707
"exp2","als","gigantic","cluster-cin-w-5.c.spark-186801.internal",51.7411052233157,0.151400454201363,0,0,0.164017158718143,6.37143578097401,41.5720413827908,1513211036.3395
"exp2","als","gigantic","cluster-cin-w-1.c.spark-186801.internal",61.0235235235235,0.0500500500500501,0,0,0.125125125125125,1.86436436436436,36.9369369369369,1513211036.34246
"exp2","als","gigantic","cluster-cin-w-6.c.spark-186801.internal",64.9931138099411,0.162764492299987,0,0,0.0626017278076875,1.94065356203831,32.8408664079129,1513211036.34641
"exp2","als","gigantic","cluster-cin-w-3.c.spark-186801.internal",63.8241592140068,0.0503841793676785,0,0,0.100768358735357,5.05101398160977,30.9736742662804,1513211036.35388
"exp2","als","gigantic","cluster-cin-w-2.c.spark-186801.internal",54.9678070950638,0.113622017422043,0,0,0.100997348819593,5.34023481883601,39.4773387198586,1513211041.33811
"exp2","als","gigantic","cluster-cin-w-0.c.spark-186801.internal",62.3027989821883,0.0763358778625954,0,0,0.0381679389312977,9.24936386768448,28.3333333333333,1513211041.34165
"exp2","als","gigantic","cluster-cin-w-4.c.spark-186801.internal",63.962597927723,0.101086681829669,0,0,0.0379075056861259,6.19155926206722,29.706848622694,1513211041.34237
"exp2","als","gigantic","cluster-cin-w-5.c.spark-186801.internal",60.0756620428752,0.0882723833543506,0,0,0.0504413619167718,5.72509457755359,34.0605296343001,1513211041.34521
"exp2","als","gigantic","cluster-cin-w-1.c.spark-186801.internal",64.975,0.05,0,0,0.0625,1.0875,33.825,1513211041.34814
"exp2","als","gigantic","cluster-cin-w-6.c.spark-186801.internal",68.6960870108764,0.0750093761720215,0,0,0.0625078134766846,1.45018127265908,29.7162145268159,1513211041.35205
"exp2","als","gigantic","cluster-cin-w-3.c.spark-186801.internal",61.6946160635481,0.088261253309797,0,0,0.0756525028369689,5.18219644433237,32.9592737359728,1513211041.35947
"exp2","als","gigantic","cluster-cin-w-2.c.spark-186801.internal",59.0754503086031,0.100768358735357,0,0,0.100768358735357,4.43380778435571,36.2892051895705,1513211046.34204
"exp2","als","gigantic","cluster-cin-w-0.c.spark-186801.internal",60.248920497841,0.127000254000508,0,0,0.0762001524003048,9.70281940563881,29.8450596901194,1513211046.34708
"exp2","als","gigantic","cluster-cin-w-4.c.spark-186801.internal",64.3568098777876,0.125992188484314,0,0,0.0881945319390198,5.6192516064004,29.8097517953887,1513211046.34786
"exp2","als","gigantic","cluster-cin-w-5.c.spark-186801.internal",53.7627631413085,0.226900289928148,0,0,0.113450144964074,6.16412454304803,39.7327618807513,1513211046.34843
"exp2","als","gigantic","cluster-cin-w-1.c.spark-186801.internal",66.3036675428715,0.0375516334960571,0,0,0.0876204781574665,1.58968581799975,31.9814745274753,1513211046.35047
"exp2","als","gigantic","cluster-cin-w-6.c.spark-186801.internal",65.4260651629073,0.137844611528822,0,0,0.087719298245614,2.16791979949875,32.1804511278196,1513211046.35539
"exp2","als","gigantic","cluster-cin-w-3.c.spark-186801.internal",61.5084852294155,0.0628535512256442,0,0,0.087994971715902,6.14707730986801,32.193588937775,1513211046.36183
"exp2","als","gigantic","cluster-cin-w-2.c.spark-186801.internal",53.2398635846912,0,0,0,0.101048376910446,6.53025135783756,40.1288366805608,1513211051.34777
"exp2","als","gigantic","cluster-cin-w-0.c.spark-186801.internal",64.152380952381,0.101587301587302,0,0,0.0380952380952381,9.52380952380952,26.184126984127,1513211051.34904
"exp2","als","gigantic","cluster-cin-w-4.c.spark-186801.internal",61.620253164557,0.0759493670886076,0,0,0.0632911392405063,7.10126582278481,31.1392405063291,1513211051.3529
"exp2","als","gigantic","cluster-cin-w-5.c.spark-186801.internal",57.4580759046778,0.0126087504728281,0,0,0.0504350018913126,6.32959273735973,36.1492876055983,1513211051.35324
"exp2","als","gigantic","cluster-cin-w-1.c.spark-186801.internal",64.0395940358351,0.0125297581756672,0,0,0.0626487908783361,1.4910412229044,34.3941861922065,1513211051.35617
"exp2","als","gigantic","cluster-cin-w-6.c.spark-186801.internal",67.3932105724665,0.125266190655142,0,0,0.0501064762620569,1.71614681197545,30.7152699486409,1513211051.36091
"exp2","als","gigantic","cluster-cin-w-3.c.spark-186801.internal",61.0257056451613,0.138608870967742,0,0,0.0882056451612903,4.9773185483871,33.7701612903226,1513211051.3675
