"exp","algo","scale","hostname","idle","iowait","irq","nice","softirq","system","user","timestamp"
"exp1","als","bigdata","cluster-cin-w-3.c.spark-186801.internal",99.3129294191131,0.499687695190506,0,0,0,0.0249843847595253,0.162398500936914,1513125392.4688
"exp1","als","bigdata","cluster-cin-w-1.c.spark-186801.internal",99.350243658628,0.562289141571911,0,0,0,0.0124953142571536,0.0749718855429214,1513125392.46887
"exp1","als","bigdata","cluster-cin-w-2.c.spark-186801.internal",99.3255058705971,0.47464401698726,0,0,0,0.0374718960779415,0.162378216337747,1513125392.4689
"exp1","als","bigdata","cluster-cin-w-4.c.spark-186801.internal",99.2255808143892,0.612040969273045,0,0,0,0.0499625281039221,0.112415688233825,1513125392.46906
"exp1","als","bigdata","cluster-cin-w-6.c.spark-186801.internal",99.1380387257964,0.749531542785759,0,0,0,0.0374765771392879,0.0749531542785759,1513125392.4692
"exp1","als","bigdata","cluster-cin-w-5.c.spark-186801.internal",99.2382617382617,0.561938061938062,0,0,0,0.04995004995005,0.14985014985015,1513125392.47102
"exp1","als","bigdata","cluster-cin-w-0.c.spark-186801.internal",99.2008989886378,0.599325758521663,0,0,0,0.0749157198152079,0.124859533025346,1513125392.47366
"exp1","als","bigdata","cluster-cin-w-1.c.spark-186801.internal",99.7877122877123,0,0,0,0.024975024975025,0.112387612387612,0.0749250749250749,1513125397.47449
"exp1","als","bigdata","cluster-cin-w-2.c.spark-186801.internal",99.7252747252747,0.0124875124875125,0,0,0.0124875124875125,0.0999000999000999,0.14985014985015,1513125397.47462
"exp1","als","bigdata","cluster-cin-w-3.c.spark-186801.internal",99.9625327838142,0,0,0,0,0,0.0374672161858374,1513125397.47471
"exp1","als","bigdata","cluster-cin-w-6.c.spark-186801.internal",99.9250655676283,0,0,0,0,0.0249781441238916,0.0499562882477832,1513125397.47488
"exp1","als","bigdata","cluster-cin-w-5.c.spark-186801.internal",99.537962037962,0.0374625374625375,0,0,0.0124875124875125,0.24975024975025,0.162337662337662,1513125397.4752
"exp1","als","bigdata","cluster-cin-w-4.c.spark-186801.internal",99.9750218558761,0,0,0,0,0,0.0249781441238916,1513125397.47527
"exp1","als","bigdata","cluster-cin-w-0.c.spark-186801.internal",94.9468417761101,0,0,0,0.0500312695434647,1.05065666041276,3.95247029393371,1513125397.47938
"exp1","als","bigdata","cluster-cin-w-1.c.spark-186801.internal",87.1842960740185,0.0250062515628907,0,0,0.0125031257814454,1.55038759689922,11.2278069517379,1513125402.48015
"exp1","als","bigdata","cluster-cin-w-2.c.spark-186801.internal",84.7154471544715,0.437773608505316,0,0,0.075046904315197,1.61350844277674,13.1582238899312,1513125402.48023
"exp1","als","bigdata","cluster-cin-w-3.c.spark-186801.internal",87.6667913704951,0.0498815313630128,0,0,0.0124703828407532,1.34680134680135,10.9240553684998,1513125402.48027
"exp1","als","bigdata","cluster-cin-w-6.c.spark-186801.internal",93.8523053854804,0,0,0,0.0499812570286143,1.11208296888667,4.98563038860427,1513125402.48068
"exp1","als","bigdata","cluster-cin-w-4.c.spark-186801.internal",88.2183548265932,0,0,0,0.05008138224615,1.28959559283836,10.4419681983223,1513125402.48085
"exp1","als","bigdata","cluster-cin-w-5.c.spark-186801.internal",91.5768362998245,0.0376034093757834,0,0,0.0376034093757834,1.27851591877664,7.06944096264728,1513125402.48099
"exp1","als","bigdata","cluster-cin-w-0.c.spark-186801.internal",86.3186881962699,0.450619601952685,0,0,0.0125172111653524,1.01389410439354,12.2042808862185,1513125402.48482
"exp1","als","bigdata","cluster-cin-w-6.c.spark-186801.internal",76.7832518490661,0.0626802055910743,0,0,0.0752162467092892,1.64222138648615,21.4366303121474,1513125407.48238
"exp1","als","bigdata","cluster-cin-w-1.c.spark-186801.internal",83.4754262788365,0.0376128385155466,0,0,0.0501504513540622,1.44182547642929,14.9949849548646,1513125407.48317
"exp1","als","bigdata","cluster-cin-w-4.c.spark-186801.internal",83.0667333166708,0.0249937515621095,0,0,0.0499875031242189,1.21219695076231,15.6460884778805,1513125407.48398
"exp1","als","bigdata","cluster-cin-w-2.c.spark-186801.internal",71.7913262099309,0.201131363922062,0,0,0.100565681961031,2.049025769956,25.85795097423,1513125407.48572
"exp1","als","bigdata","cluster-cin-w-3.c.spark-186801.internal",84.1353383458647,0.025062656641604,0,0,0.06265664160401,1.04010025062657,14.7368421052632,1513125407.48576
"exp1","als","bigdata","cluster-cin-w-5.c.spark-186801.internal",79.5908120999121,0.138069536839463,0,0,0.0376553282289444,1.58152378561566,18.6519392494038,1513125407.48634
"exp1","als","bigdata","cluster-cin-w-0.c.spark-186801.internal",79.8343581377839,0.32626427406199,0,0,0.075291755552767,1.36780022587527,18.3962856067261,1513125407.49027
"exp1","als","bigdata","cluster-cin-w-6.c.spark-186801.internal",85.7107044372023,0.0752068187515668,0,0,0.200551516670845,1.20330910002507,12.8102281273502,1513125412.48644
"exp1","als","bigdata","cluster-cin-w-1.c.spark-186801.internal",86.1336664584635,0.0374765771392879,0,0,0.174890693316677,1.1367895065584,12.5171767645222,1513125412.48717
"exp1","als","bigdata","cluster-cin-w-2.c.spark-186801.internal",80.5569493226292,0.0125439036628199,0,0,0.188158554942298,1.5178123432012,17.7245358755645,1513125412.48783
"exp1","als","bigdata","cluster-cin-w-4.c.spark-186801.internal",86.1041562343515,0.0250375563345018,0,0,0.175262894341512,1.12669003505258,12.5688532799199,1513125412.48959
"exp1","als","bigdata","cluster-cin-w-3.c.spark-186801.internal",86.2948605727148,0.0875328248093035,0,0,0.137551581843191,1.3380017506565,12.1420532699762,1513125412.49127
"exp1","als","bigdata","cluster-cin-w-5.c.spark-186801.internal",86.4466116529132,0.0125031257814454,0,0,0.16254063515879,1.2128032008002,12.1655413853463,1513125412.49198
"exp1","als","bigdata","cluster-cin-w-0.c.spark-186801.internal",85.862759829702,0.0125219133483596,0,0,0.187828700225394,1.18958176809416,12.7473077886301,1513125412.49467
"exp1","als","bigdata","cluster-cin-w-6.c.spark-186801.internal",33.2748024582968,0.0250846607299636,0,0,0.163050294744764,3.76269910949454,62.774363476734,1513125417.49214
"exp1","als","bigdata","cluster-cin-w-1.c.spark-186801.internal",36.0626959247649,0,0,0,0.175548589341693,3.69905956112853,60.0626959247649,1513125417.49261
"exp1","als","bigdata","cluster-cin-w-2.c.spark-186801.internal",4.73684210526316,0,0,0,0.200501253132832,4.23558897243108,90.8270676691729,1513125417.49388
"exp1","als","bigdata","cluster-cin-w-4.c.spark-186801.internal",30.1768468581462,0.0250846607299636,0,0,0.200677285839709,4.40235795810862,65.1950332371755,1513125417.49456
"exp1","als","bigdata","cluster-cin-w-5.c.spark-186801.internal",31.6622691292876,0.0125643925116221,0,0,0.201030280185953,3.95778364116095,64.1663525568539,1513125417.4953
"exp1","als","bigdata","cluster-cin-w-3.c.spark-186801.internal",29.2330864817372,0,0,0,0.163173088992092,4.90774444583909,65.6959959834317,1513125417.49683
"exp1","als","bigdata","cluster-cin-w-0.c.spark-186801.internal",37.3666373791892,0.0125517760763148,0,0,0.188276641144722,4.06677544872599,58.3657587548638,1513125417.5003
"exp1","als","bigdata","cluster-cin-w-6.c.spark-186801.internal",44.7269539078156,0.0250501002004008,0,0,0.288076152304609,5.38577154308617,49.5741482965932,1513125422.49457
"exp1","als","bigdata","cluster-cin-w-1.c.spark-186801.internal",45.2369014790674,0.0125344697919278,0,0,0.300827275006267,4.58761594384558,49.8621208322888,1513125422.49528
"exp1","als","bigdata","cluster-cin-w-2.c.spark-186801.internal",24.629676123525,0.0251067034898318,0,0,0.288727090133066,6.4775295003766,68.5789605824755,1513125422.49612
"exp1","als","bigdata","cluster-cin-w-4.c.spark-186801.internal",38.815706937649,0.0125454773554134,0,0,0.263455024463681,4.8801906912558,56.0281018692761,1513125422.49615
"exp1","als","bigdata","cluster-cin-w-5.c.spark-186801.internal",38.7129210658622,0.012569130216189,0,0,0.251382604323781,5.26646556058321,55.7566616390146,1513125422.49841
"exp1","als","bigdata","cluster-cin-w-3.c.spark-186801.internal",36.9928400954654,0.0251224720512498,0,0,0.314030900640623,5.11242306242934,57.5555834694134,1513125422.50011
"exp1","als","bigdata","cluster-cin-w-0.c.spark-186801.internal",47.2124560522351,0,0,0,0.17579105976896,3.9427423405324,48.6690105474636,1513125422.50277
"exp1","als","bigdata","cluster-cin-w-6.c.spark-186801.internal",68.3070373153018,0.0250438266967193,0,0,0.0375657400450789,1.85324317555723,29.7771099423992,1513125427.49864
"exp1","als","bigdata","cluster-cin-w-1.c.spark-186801.internal",60.6264265787472,0.0380420999239158,0,0,0.063403499873193,8.06492518387015,31.2072026375856,1513125427.49925
"exp1","als","bigdata","cluster-cin-w-2.c.spark-186801.internal",62.0369207585081,0.0251161622504081,0,0,0.100464649001633,2.97626522667336,34.8612332035665,1513125427.49994
"exp1","als","bigdata","cluster-cin-w-4.c.spark-186801.internal",62.2907819135648,0.0124906320259805,0,0,0.0874344241818636,1.4114414189358,36.1978516112915,1513125427.50057
"exp1","als","bigdata","cluster-cin-w-5.c.spark-186801.internal",65.0518593473311,0.0632431065013914,0,0,0.0885403491019479,5.04679989881103,29.7495572982545,1513125427.50252
"exp1","als","bigdata","cluster-cin-w-3.c.spark-186801.internal",53.7672090112641,0.0375469336670839,0,0,0.125156445556946,2.00250312891114,44.0675844806008,1513125427.50412
"exp1","als","bigdata","cluster-cin-w-0.c.spark-186801.internal",66.3747143945164,0.0380807311500381,0,0,0.0507743082000508,5.92790048235593,27.6085300837776,1513125427.50682
"exp1","als","bigdata","cluster-cin-w-1.c.spark-186801.internal",55.533097524002,0.0126326427488631,0,0,0.0757958564931784,5.7099545224861,38.6685194542698,1513125432.50331
"exp1","als","bigdata","cluster-cin-w-2.c.spark-186801.internal",46.3163188332914,0,0,0,0.0754337440281619,3.80940407342218,49.7988433492582,1513125432.50398
"exp1","als","bigdata","cluster-cin-w-6.c.spark-186801.internal",63.8564797390541,0,0,0,0.0627273867770669,2.45891356166102,33.6218793125078,1513125432.50448
"exp1","als","bigdata","cluster-cin-w-4.c.spark-186801.internal",59.7996242955542,0.250469630557295,0,0,0.0751408891671885,2.00375704445836,37.871008140263,1513125432.5059
"exp1","als","bigdata","cluster-cin-w-5.c.spark-186801.internal",47.5820819546959,0.114532960040723,0,0,0.1654364978366,6.79562229574955,45.3423262916773,1513125432.50661
"exp1","als","bigdata","cluster-cin-w-3.c.spark-186801.internal",53.2433445819273,0.0249968753905762,0,0,0.0749906261717285,1.46231721034871,45.1943507061617,1513125432.50817
"exp1","als","bigdata","cluster-cin-w-0.c.spark-186801.internal",57.3555612115042,0.0127258844489692,0,0,0.0890811911427844,9.22626622550267,33.3163654874014,1513125432.5102
"exp1","als","bigdata","cluster-cin-w-6.c.spark-186801.internal",71.2496869521663,0.262960180315552,0,0,0.0375657400450789,2.25394440270473,26.1958427247683,1513125437.50674
"exp1","als","bigdata","cluster-cin-w-2.c.spark-186801.internal",66.1389621811785,0.0125643925116221,0,0,0.0879507475813544,3.26674205302174,30.4937806257067,1513125437.50805
"exp1","als","bigdata","cluster-cin-w-1.c.spark-186801.internal",59.9062579174056,0.253356979984799,0,0,0.0380035469977198,8.84215860146947,30.9602229541424,1513125437.50884
"exp1","als","bigdata","cluster-cin-w-4.c.spark-186801.internal",59.7072804603453,0,0,0,0.0500375281461096,1.35101325994496,38.8916687515637,1513125437.50907
"exp1","als","bigdata","cluster-cin-w-5.c.spark-186801.internal",64.6709612226854,0.290514083617532,0,0,0.0884173297966401,4.3956043956044,30.5545029682961,1513125437.51066
"exp1","als","bigdata","cluster-cin-w-3.c.spark-186801.internal",64.9412353088272,0.237559389847462,0,0,0.0500125031257814,1.16279069767442,33.6084021005251,1513125437.51225
"exp1","als","bigdata","cluster-cin-w-0.c.spark-186801.internal",67.3006212755167,0.0253581843540003,0,0,0.0380372765310004,7.10029161912007,25.5356916444783,1513125437.51494
"exp1","als","bigdata","cluster-cin-w-4.c.spark-186801.internal",61.0040060090135,0.0250375563345018,0,0,0.0751126690035053,1.30195292939409,37.5938908362544,1513125442.51244
"exp1","als","bigdata","cluster-cin-w-6.c.spark-186801.internal",65.6649135987979,0.200350613573754,0,0,0.0250438266967193,1.59028299524167,32.51940896569,1513125442.51257
"exp1","als","bigdata","cluster-cin-w-5.c.spark-186801.internal",49.4657847875859,0.0127194098193844,0,0,0.0508776392775375,7.05927244975833,43.4113457135589,1513125442.5134
"exp1","als","bigdata","cluster-cin-w-2.c.spark-186801.internal",56.4807837226827,0.301431801055011,0,0,0.087917608641045,3.74277819643306,39.3870886711881,1513125442.51424
"exp1","als","bigdata","cluster-cin-w-1.c.spark-186801.internal",51.9235604727181,0.176012069399045,0,0,0.0754337440281619,4.57631380437516,43.2486799094795,1513125442.5145
"exp1","als","bigdata","cluster-cin-w-3.c.spark-186801.internal",57.9867615836143,0.0249781441238916,0,0,0.14986886474335,1.82340452104409,40.0149868864743,1513125442.51784
"exp1","als","bigdata","cluster-cin-w-0.c.spark-186801.internal",63.0966090850928,0.0255918106206014,0,0,0.0767754318618042,6.94817658349328,29.8528470889315,1513125442.51898
"exp1","als","bigdata","cluster-cin-w-6.c.spark-186801.internal",70.9984947315605,0.0376317109884596,0,0,0.0501756146512795,1.9568489713999,26.9568489713999,1513125447.51484
"exp1","als","bigdata","cluster-cin-w-2.c.spark-186801.internal",68.5954562570604,0.100414208610518,0,0,0.0251035521526296,2.93711560185766,28.3419103803188,1513125447.51613
"exp1","als","bigdata","cluster-cin-w-4.c.spark-186801.internal",68.1175734834271,1.28830519074422,0,0,0.0625390869293308,1.22576610381488,29.3058161350844,1513125447.51652
"exp1","als","bigdata","cluster-cin-w-5.c.spark-186801.internal",69.1345546430828,0.101073910296905,0,0,0.0631711939355654,4.1566645609602,26.5445356917246,1513125447.51868
"exp1","als","bigdata","cluster-cin-w-1.c.spark-186801.internal",56.7796610169492,0.101188970402226,0,0,0.0885403491019479,7.75360485707058,35.2770048064761,1513125447.5194
"exp1","als","bigdata","cluster-cin-w-0.c.spark-186801.internal",69.1345546430828,0.113708149084018,0,0,0.0758054327226785,5.53379658875553,25.142135186355,1513125447.52302
"exp1","als","bigdata","cluster-cin-w-3.c.spark-186801.internal",72.5772164561711,0.175065649618607,0,0,0.0625234462923596,0.987870451419282,26.1973239964987,1513125447.52364
"exp1","als","bigdata","cluster-cin-w-2.c.spark-186801.internal",60.0957902697252,0.0756238971514999,0,0,0.126039828585833,4.15931434333249,35.5432316612049,1513125452.52027
"exp1","als","bigdata","cluster-cin-w-4.c.spark-186801.internal",65.0056341555027,0.363090021284587,0,0,0.0876424189307625,1.22699386503067,33.3166395392513,1513125452.5208
"exp1","als","bigdata","cluster-cin-w-6.c.spark-186801.internal",68.2392691778251,0.337880115129521,0,0,0.062570391690652,1.55174571392817,29.8085346014266,1513125452.52148
"exp1","als","bigdata","cluster-cin-w-5.c.spark-186801.internal",56.9090216977541,0.456794822992006,0,0,0.0634437254155564,7.01687603096054,35.5538637228778,1513125452.52277
"exp1","als","bigdata","cluster-cin-w-1.c.spark-186801.internal",62.6591052299937,0.226843100189036,0,0,0.0378071833648393,5.80970384373031,31.2665406427221,1513125452.52494
"exp1","als","bigdata","cluster-cin-w-0.c.spark-186801.internal",62.3376623376623,0.089126559714795,0,0,0.089126559714795,8.22510822510823,29.2589763177998,1513125452.5287
"exp1","als","bigdata","cluster-cin-w-3.c.spark-186801.internal",63.689879759519,0.338176352705411,0,0,0.062625250501002,1.25250501002004,34.6568136272545,1513125452.52927
"exp1","als","bigdata","cluster-cin-w-2.c.spark-186801.internal",61.5751191371959,0,0,0,0.125407574617507,2.45798846250314,35.8414848256835,1513125457.5258
"exp1","als","bigdata","cluster-cin-w-6.c.spark-186801.internal",72.6476476476476,0.137637637637638,0,0,0.025025025025025,1.95195195195195,25.2377377377377,1513125457.5259
"exp1","als","bigdata","cluster-cin-w-4.c.spark-186801.internal",70.9983756091466,0.0499812570286143,0,0,0.0749718855429214,0.999625140572285,27.8770461077096,1513125457.52605
"exp1","als","bigdata","cluster-cin-w-5.c.spark-186801.internal",65.416772232075,0.126678489992399,0,0,0.0506713959969597,4.37040790473778,30.0354699771979,1513125457.52837
"exp1","als","bigdata","cluster-cin-w-1.c.spark-186801.internal",56.9692366122294,0.544372705405748,0,0,0.0886188125079124,7.60855804532219,34.7892138245347,1513125457.53058
"exp1","als","bigdata","cluster-cin-w-3.c.spark-186801.internal",66.6333041411235,0.312773676967346,0,0,0.100087576629551,1.20105091955461,31.752783685725,1513125457.53087
"exp1","als","bigdata","cluster-cin-w-0.c.spark-186801.internal",66.9925098387711,0.101561508188397,0,0,0.0507807540941983,6.27142313063349,26.5837247683128,1513125457.53151
"exp1","als","bigdata","cluster-cin-w-2.c.spark-186801.internal",67.2024108488197,0.125565042692115,0,0,0.100452034153692,3.27724761426419,29.2943244600703,1513125462.53
"exp1","als","bigdata","cluster-cin-w-6.c.spark-186801.internal",74.1769933658781,0.0125172111653524,0,0,0.0625860558267618,1.72737514081863,24.0205282263112,1513125462.53141
"exp1","als","bigdata","cluster-cin-w-4.c.spark-186801.internal",67.0748469324003,0.17493439960015,0,0,0.0749718855429214,1.19955016868674,31.4756966137698,1513125462.53206
"exp1","als","bigdata","cluster-cin-w-1.c.spark-186801.internal",71.6287878787879,0.138888888888889,0,0,0.0252525252525253,5.80808080808081,22.3989898989899,1513125462.53299
"exp1","als","bigdata","cluster-cin-w-5.c.spark-186801.internal",62.6875158911772,0.0254258835494533,0,0,0.03813882532418,7.22095092804475,30.0279684719044,1513125462.53318
"exp1","als","bigdata","cluster-cin-w-3.c.spark-186801.internal",69.0029985007496,0.137431284357821,0,0,0.0249875062468766,1.11194402798601,29.7226386806597,1513125462.53633
"exp1","als","bigdata","cluster-cin-w-0.c.spark-186801.internal",67.8575985708817,0.102079877504147,0,0,0.0382799540640551,6.69899196120965,25.3030496363404,1513125462.53675
"exp1","als","bigdata","cluster-cin-w-2.c.spark-186801.internal",60.9033877038896,0.112923462986198,0,0,0.0501882057716437,2.27101631116688,36.6624843161857,1513125467.53555
"exp1","als","bigdata","cluster-cin-w-6.c.spark-186801.internal",73.6184046011503,0.100025006251563,0,0,0.0500125031257814,1.67541885471368,24.5561390347587,1513125467.53693
"exp1","als","bigdata","cluster-cin-w-3.c.spark-186801.internal",69.8460383026662,0.0751032669921142,0,0,0.0751032669921142,0.988859682062836,29.0148954812868,1513125467.53728
"exp1","als","bigdata","cluster-cin-w-4.c.spark-186801.internal",74.6811702925731,0.16254063515879,0,0,0.0250062515628907,1.15028757189297,23.9809952488122,1513125467.53735
"exp1","als","bigdata","cluster-cin-w-1.c.spark-186801.internal",64.2685548109748,0.0252876469844481,0,0,0.0505752939688962,6.41041851055759,29.2451637375142,1513125467.53849
"exp1","als","bigdata","cluster-cin-w-5.c.spark-186801.internal",62.1747916140439,0.164182874463248,0,0,0.0252589037635767,6.17580197019449,31.4599646375347,1513125467.53868
"exp1","als","bigdata","cluster-cin-w-0.c.spark-186801.internal",73.9748635267234,0.0761711311412974,0,0,0.0380855655706487,5.78900596673861,20.1218738098261,1513125467.54233
"exp1","als","bigdata","cluster-cin-w-2.c.spark-186801.internal",65.6555527701178,0.062672348959639,0,0,0.0501378791677112,3.07094509902231,31.1606919027325,1513125472.54115
"exp1","als","bigdata","cluster-cin-w-6.c.spark-186801.internal",74.4392933216389,0.0125297581756672,0,0,0.0501190327026688,1.91705300087708,23.5810048866057,1513125472.54243
"exp1","als","bigdata","cluster-cin-w-3.c.spark-186801.internal",70.8005495191707,0.162357936805295,0,0,0.0374672161858374,1.0365929811415,27.9630323466966,1513125472.54294
"exp1","als","bigdata","cluster-cin-w-4.c.spark-186801.internal",70.7917082917083,0.124875124875125,0,0,0.04995004995005,1.14885114885115,27.8846153846154,1513125472.54301
"exp1","als","bigdata","cluster-cin-w-5.c.spark-186801.internal",70.7501894417782,0.101035615054307,0,0,0.0631472594089417,4.25612528416267,24.8295023995959,1513125472.54427
"exp1","als","bigdata","cluster-cin-w-1.c.spark-186801.internal",66.5065115690985,0.101150587937792,0,0,0.0379314704766721,7.86445821216336,25.4899481603237,1513125472.54449
"exp1","als","bigdata","cluster-cin-w-0.c.spark-186801.internal",70.7651313285116,0.139576195914224,0,0,0.0380662352493338,6.76310112929831,22.2941251110265,1513125472.54787
"exp1","als","bigdata","cluster-cin-w-2.c.spark-186801.internal",56.1438812727959,0.113193309017734,0,0,0.0754622060118224,4.23846057099736,39.4290026411772,1513125477.54449
"exp1","als","bigdata","cluster-cin-w-4.c.spark-186801.internal",62.426442969826,0.075122073369225,0,0,0.0876424189307625,1.36471766620759,36.0460748716665,1513125477.54532
"exp1","als","bigdata","cluster-cin-w-5.c.spark-186801.internal",53.776818585756,0.139647073759045,0,0,0.088866319664847,7.31242858956456,38.6822394312556,1513125477.54704
"exp1","als","bigdata","cluster-cin-w-6.c.spark-186801.internal",65.2642123716504,0.0125219133483596,0,0,0.0375657400450789,2.57951414976208,32.1061858251941,1513125477.5471
"exp1","als","bigdata","cluster-cin-w-1.c.spark-186801.internal",59.4839521711768,0.113278791692889,0,0,0.0629326620516048,5.41220893643801,34.9276274386407,1513125477.54788
"exp1","als","bigdata","cluster-cin-w-3.c.spark-186801.internal",60.3648631763089,0.087467199800075,0,0,0.0749718855429214,1.3994751968012,38.0732225415469,1513125477.54837
"exp1","als","bigdata","cluster-cin-w-0.c.spark-186801.internal",63.8839399338254,0.101807075591754,0,0,0.0509035377958768,7.72461186052431,28.2387375922627,1513125477.5535
"exp1","als","bigdata","cluster-cin-w-4.c.spark-186801.internal",64.0009996251406,0.0249906285143071,0,0,0.0624765712857678,1.53692365362989,34.3746095214295,1513125482.54782
"exp1","als","bigdata","cluster-cin-w-2.c.spark-186801.internal",61.7288604095992,0.0879507475813544,0,0,0.0628219625581103,4.17137831385852,33.9489885664028,1513125482.5487
"exp1","als","bigdata","cluster-cin-w-1.c.spark-186801.internal",62.6695398656357,0.012675877804538,0,0,0.0633793890226898,9.08860438585372,28.1658004816834,1513125482.55189
"exp1","als","bigdata","cluster-cin-w-5.c.spark-186801.internal",68.0347475764824,0.151076419488858,0,0,0.0629485081203575,5.22472617398968,26.5265013219187,1513125482.55275
"exp1","als","bigdata","cluster-cin-w-6.c.spark-186801.internal",69.8573573573574,0.025025025025025,0,0,0.0500500500500501,2.2022022022022,27.8653653653654,1513125482.55294
"exp1","als","bigdata","cluster-cin-w-3.c.spark-186801.internal",67.6290463692038,0.0999875015623047,0,0,0.0624921884764404,1.01237345331834,31.1961004874391,1513125482.55438
"exp1","als","bigdata","cluster-cin-w-0.c.spark-186801.internal",66.4158163265306,0.038265306122449,0,0,0.0510204081632653,8.13775510204082,25.3571428571429,1513125482.55905
"exp1","als","bigdata","cluster-cin-w-4.c.spark-186801.internal",61.2765957446809,0.150187734668335,0,0,0.100125156445557,1.36420525657071,37.1088861076345,1513125487.55292
"exp1","als","bigdata","cluster-cin-w-2.c.spark-186801.internal",56.9540591567023,0,0,0,0.0755191944619257,5.13530522341095,37.8351164254248,1513125487.55425
"exp1","als","bigdata","cluster-cin-w-6.c.spark-186801.internal",67.5482577086989,0.062672348959639,0,0,0.062672348959639,1.98044622712459,30.3459513662572,1513125487.55522
"exp1","als","bigdata","cluster-cin-w-1.c.spark-186801.internal",63.4940671547589,0.0126230749810654,0,0,0.0504922999242615,5.26382226710427,31.1789952032315,1513125487.5583
"exp1","als","bigdata","cluster-cin-w-5.c.spark-186801.internal",54.2546466051334,0.139082058414465,0,0,0.0632191174611202,7.09318497913769,38.4498672398533,1513125487.55852
"exp1","als","bigdata","cluster-cin-w-3.c.spark-186801.internal",60.1249219237976,0.0749531542785759,0,0,0.0749531542785759,1.4366021236727,38.2885696439725,1513125487.56003
"exp1","als","bigdata","cluster-cin-w-0.c.spark-186801.internal",63.1578947368421,0.0513478818998716,0.0128369704749679,0,0.0385109114249037,8.71630295250321,28.0231065468549,1513125487.56352
"exp1","als","bigdata","cluster-cin-w-4.c.spark-186801.internal",69.4097048524262,0,0,0,0.0500250125062531,1.37568784392196,29.1645822911456,1513125492.55867
"exp1","als","bigdata","cluster-cin-w-2.c.spark-186801.internal",67.8638704006028,0,0,0,0.0376742433756122,3.94323747331408,28.1552178827075,1513125492.56
"exp1","als","bigdata","cluster-cin-w-6.c.spark-186801.internal",72.1149021575514,0.175614651279478,0,0,0.0501756146512795,2.00702458605118,25.6522829904666,1513125492.56084
"exp1","als","bigdata","cluster-cin-w-1.c.spark-186801.internal",58.1887270424319,0,0,0,0.0379987333755542,8.62571247625079,33.1475617479417,1513125492.56394
"exp1","als","bigdata","cluster-cin-w-5.c.spark-186801.internal",65.7878138009335,0.113536016147345,0,0,0.050460451621042,4.61713132332534,29.4310584079728,1513125492.56475
"exp1","als","bigdata","cluster-cin-w-3.c.spark-186801.internal",68.375,0.225,0.0125,0,0.05,1.2125,30.125,1513125492.56487
"exp1","als","bigdata","cluster-cin-w-0.c.spark-186801.internal",66.8271057631412,0.0886637112096264,0,0,0.0253324889170361,6.70044331855605,26.3584547181761,1513125492.5693
"exp1","als","bigdata","cluster-cin-w-2.c.spark-186801.internal",67.7885219138516,0.163255054627653,0,0,0.0502323245008163,3.11440411905061,28.8835865879694,1513125497.56435
"exp1","als","bigdata","cluster-cin-w-4.c.spark-186801.internal",68.4125,0.025,0,0,0.0875,1.3,30.175,1513125497.56447
"exp1","als","bigdata","cluster-cin-w-6.c.spark-186801.internal",74.4113226452906,0.0125250501002004,0,0,0.0250501002004008,1.77855711422846,23.7725450901804,1513125497.56634
"exp1","als","bigdata","cluster-cin-w-5.c.spark-186801.internal",64.3300798580302,0.012675877804538,0,0,0.0507035112181519,6.61680821396882,28.9897325389783,1513125497.56891
"exp1","als","bigdata","cluster-cin-w-1.c.spark-186801.internal",69.9571356530509,0.176500252143217,0,0,0.0252143217347453,5.01765002521432,24.8234997478568,1513125497.56972
"exp1","als","bigdata","cluster-cin-w-3.c.spark-186801.internal",71.8589823727966,0.0250031253906738,0,0,0.0500062507813477,1.08763595449431,26.9783722965371,1513125497.57005
"exp1","als","bigdata","cluster-cin-w-0.c.spark-186801.internal",69.7978899199186,0.13982458370408,0,0,0.0508453031651201,6.71158001779586,23.2998601754163,1513125497.57485
"exp1","als","bigdata","cluster-cin-w-2.c.spark-186801.internal",68.8646068826928,0.100477267018337,0,0,0.0627982918864607,3.1901532278322,27.7819643305702,1513125502.57
"exp1","als","bigdata","cluster-cin-w-4.c.spark-186801.internal",75.5664038052322,0.100137689322819,0,0,0.0876204781574665,1.00137689322819,23.2444611340593,1513125502.57042
"exp1","als","bigdata","cluster-cin-w-5.c.spark-186801.internal",65.4403426987527,0.138591407332745,0,0,0.0503968753937256,5.27907269749276,29.0915963210281,1513125502.57175
"exp1","als","bigdata","cluster-cin-w-6.c.spark-186801.internal",76.8547479044164,0.100087576629551,0,0,0.0375328412360816,1.45126986112849,21.5563618165895,1513125502.57214
"exp1","als","bigdata","cluster-cin-w-3.c.spark-186801.internal",70.5713214151769,0.0250031253906738,0,0,0.0375046880860107,1.13764220527566,28.2285285660708,1513125502.57352
"exp1","als","bigdata","cluster-cin-w-1.c.spark-186801.internal",64.261385139397,0.0126151129052605,0,0,0.0378453387157815,5.61372524284092,30.074429166141,1513125502.57527
"exp1","als","bigdata","cluster-cin-w-0.c.spark-186801.internal",72.5581983805668,0.0885627530364373,0,0,0.0506072874493927,6.18674089068826,21.1158906882591,1513125502.58039
"exp1","als","bigdata","cluster-cin-w-4.c.spark-186801.internal",70.8922537855087,0.0250281566762608,0,0,0.0250281566762608,1.18883744212239,27.8688524590164,1513125507.57322
"exp1","als","bigdata","cluster-cin-w-2.c.spark-186801.internal",71.6187366570388,0.0251161622504081,0,0,0.0502323245008163,1.8585960065302,26.4473188496798,1513125507.57531
"exp1","als","bigdata","cluster-cin-w-5.c.spark-186801.internal",69.056937255397,0.15149602322939,0,0,0.0252493372048984,4.30501199343517,26.4613053907335,1513125507.57608
"exp1","als","bigdata","cluster-cin-w-6.c.spark-186801.internal",74.0157480314961,0,0,0,0.0624921884764404,1.58730158730159,24.3344581927259,1513125507.57749
"exp1","als","bigdata","cluster-cin-w-1.c.spark-186801.internal",66.4560161779575,0.139029322548028,0,0,0.0252780586450961,7.3938321536906,25.9858442871587,1513125507.57831
"exp1","als","bigdata","cluster-cin-w-3.c.spark-186801.internal",73.3208255159475,0,0,0,0.0375234521575985,0.988117573483427,25.6535334584115,1513125507.57881
"exp1","als","bigdata","cluster-cin-w-0.c.spark-186801.internal",70.6203222123557,0.139540783965495,0,0,0.0380565774451351,6.48230369148801,22.7197767347457,1513125507.586
"exp1","als","bigdata","cluster-cin-w-2.c.spark-186801.internal",54.1666666666667,0.0881168177240685,0,0,0.0881168177240685,3.88972809667674,41.7673716012085,1513125512.57692
"exp1","als","bigdata","cluster-cin-w-4.c.spark-186801.internal",62.9193790686029,0.525788683024537,0.0125187781672509,0,0.0876314471707561,1.69003505257887,34.7646469704557,1513125512.57873
"exp1","als","bigdata","cluster-cin-w-6.c.spark-186801.internal",66.9714428857715,0.0250501002004008,0,0,0.062625250501002,2.35470941883768,30.5861723446894,1513125512.57956
"exp1","als","bigdata","cluster-cin-w-5.c.spark-186801.internal",53.6770280515542,0.113722517058378,0,0,0.138994187515795,6.5959059893859,39.4743492544857,1513125512.57977
"exp1","als","bigdata","cluster-cin-w-1.c.spark-186801.internal",61.0419026047565,0.0880835535422172,0,0,0.100666918333963,4.693595067321,34.0757518560463,1513125512.58015
"exp1","als","bigdata","cluster-cin-w-3.c.spark-186801.internal",60.5647882044233,0,0,0,0.112457828314382,1.59940022491566,37.7233537423466,1513125512.5843
"exp1","als","bigdata","cluster-cin-w-0.c.spark-186801.internal",63.6340533672173,0.0508259212198221,0,0,0.0635324015247776,7.81448538754765,28.4371029224905,1513125512.58781
"exp1","als","bigdata","cluster-cin-w-2.c.spark-186801.internal",62.8459989934575,0.150981378963261,0,0,0.0754906894816306,3.73678912934071,33.1907398087569,1513125517.58088
"exp1","als","bigdata","cluster-cin-w-4.c.spark-186801.internal",65.2244591721896,0.0125046892584719,0,0,0.0375140677754158,1.27547830436414,33.4500437664124,1513125517.5814
"exp1","als","bigdata","cluster-cin-w-6.c.spark-186801.internal",71.6060225846926,0.112923462986198,0,0,0.0250941028858218,2.17063989962359,26.0853199498118,1513125517.58356
"exp1","als","bigdata","cluster-cin-w-5.c.spark-186801.internal",68.4336741133409,0.138836299381547,0,0,0.0378644452858766,4.46800454373343,26.9216205982582,1513125517.58438
"exp1","als","bigdata","cluster-cin-w-1.c.spark-186801.internal",63.6075145976136,0.0253871541000254,0,0,0.0507743082000508,8.49200304645849,27.8243208936278,1513125517.58448
"exp1","als","bigdata","cluster-cin-w-3.c.spark-186801.internal",68.9973779498065,0.0124859533025346,0,0,0.0624297665126732,1.06130603071545,29.8664002996629,1513125517.58916
"exp1","als","bigdata","cluster-cin-w-0.c.spark-186801.internal",67.1101445567353,0.102341051554305,0,0,0.0255852628885762,7.07432518869131,25.6876039401305,1513125517.59333
"exp1","als","bigdata","cluster-cin-w-2.c.spark-186801.internal",56.5447001131648,0,0,0,0.0502954859801333,4.77807116811266,38.6269332327424,1513125522.58667
"exp1","als","bigdata","cluster-cin-w-4.c.spark-186801.internal",64.0875,0.0875,0,0,0.1,1.35,34.375,1513125522.58727
"exp1","als","bigdata","cluster-cin-w-5.c.spark-186801.internal",55.9523809523809,0.139311043566363,0,0,0.0379939209726444,7.42147922998987,36.4488348530902,1513125522.58756
"exp1","als","bigdata","cluster-cin-w-6.c.spark-186801.internal",68.0656477073415,0.0626409421197695,0,0,0.0626409421197695,2.45552493109496,29.353545477324,1513125522.58764
"exp1","als","bigdata","cluster-cin-w-1.c.spark-186801.internal",63.7303087586641,0.0126023944549464,0,0,0.0252047889098929,5.33081285444234,30.9010712035287,1513125522.59011
"exp1","als","bigdata","cluster-cin-w-3.c.spark-186801.internal",59.2902661501937,0.0499812570286143,0,0,0.087467199800075,1.31200799700112,39.2602773959765,1513125522.59472
"exp1","als","bigdata","cluster-cin-w-0.c.spark-186801.internal",63.2016366193581,0.115074798619102,0,0,0.0511443549418233,8.70732642884542,27.9248177982355,1513125522.59589
"exp1","als","bigdata","cluster-cin-w-4.c.spark-186801.internal",70.0313087038197,0.100187852222918,0,0,0.0375704445835942,1.07701941139637,28.7539135879775,1513125527.58941
"exp1","als","bigdata","cluster-cin-w-2.c.spark-186801.internal",66.6289308176101,0,0,0,0.050314465408805,3.27044025157233,30.0503144654088,1513125527.59114
"exp1","als","bigdata","cluster-cin-w-5.c.spark-186801.internal",66.0779613977545,0.227072032294689,0,0,0.0630755645263025,4.40267440393592,29.2292166014886,1513125527.59305
"exp1","als","bigdata","cluster-cin-w-6.c.spark-186801.internal",74.3894802755166,0.0250469630557295,0,0,0.0125234815278647,1.46524733876018,24.1077019411396,1513125527.59324
"exp1","als","bigdata","cluster-cin-w-1.c.spark-186801.internal",58.470498860471,0.15193719929096,0,0,0.0506457330969866,8.34388452772854,32.9830336794125,1513125527.59576
"exp1","als","bigdata","cluster-cin-w-3.c.spark-186801.internal",70.1975987993997,0.200100050025012,0,0,0.0625312656328164,1.02551275637819,28.5142571285643,1513125527.60023
"exp1","als","bigdata","cluster-cin-w-0.c.spark-186801.internal",68.7388761759471,0.0127129417747267,0,0,0.0508517670989067,7.18281210272057,24.0147470124587,1513125527.60154
"exp1","als","bigdata","cluster-cin-w-4.c.spark-186801.internal",69.803774528184,0.174978127734033,0,0,0.112485939257593,1.11236095488064,28.7964004499438,1513125532.59159
"exp1","als","bigdata","cluster-cin-w-5.c.spark-186801.internal",64.4117273765706,0.11422769386978,0,0,0.0380758979565935,7.29788044168042,28.1380885899226,1513125532.59567
"exp1","als","bigdata","cluster-cin-w-2.c.spark-186801.internal",69.2288369756343,0.0251193167545843,0,0,0.0502386335091686,2.85104245164532,27.8447626224567,1513125532.59672
"exp1","als","bigdata","cluster-cin-w-6.c.spark-186801.internal",73.6373887983962,0.0877083072296705,0,0,0.0626487908783361,1.74163638641774,24.4706177170781,1513125532.59876
"exp1","als","bigdata","cluster-cin-w-1.c.spark-186801.internal",71.5060544904137,0.0630676084762866,0,0,0.0756811301715439,4.9949545913219,23.3602421796165,1513125532.60041
"exp1","als","bigdata","cluster-cin-w-3.c.spark-186801.internal",73.0317420644839,0.0124968757810547,0,0,0.0249937515621095,1.02474381404649,25.9060234941265,1513125532.60575
"exp1","als","bigdata","cluster-cin-w-0.c.spark-186801.internal",69.8628397256794,0.0127000254000508,0,0,0.0508001016002032,6.18491236982474,23.8887477774956,1513125532.6071
"exp1","als","bigdata","cluster-cin-w-4.c.spark-186801.internal",72.2597597597598,0.0875875875875876,0,0,0.0500500500500501,0.950950950950951,26.6516516516517,1513125537.59583
"exp1","als","bigdata","cluster-cin-w-2.c.spark-186801.internal",69.11561202667,0.0503207950685621,0,0,0.0503207950685621,3.34633287205938,27.4374135111335,1513125537.59784
"exp1","als","bigdata","cluster-cin-w-5.c.spark-186801.internal",63.0154313179863,0.151783455603339,0,0,0.0505944852011131,5.47685302302049,31.3053377181887,1513125537.59971
"exp1","als","bigdata","cluster-cin-w-6.c.spark-186801.internal",76.4021031547321,0.100150225338007,0,0,0.0375563345017526,1.4521782674011,22.008012018027,1513125537.60436
"exp1","als","bigdata","cluster-cin-w-1.c.spark-186801.internal",65.1976832032234,0.113321581465626,0,0,0.0629564341475699,5.26315789473684,29.3628808864266,1513125537.60597
"exp1","als","bigdata","cluster-cin-w-3.c.spark-186801.internal",71.7122517796928,0.0999125764955664,0,0,0.062445360309729,0.999125764955664,27.1262645185463,1513125537.61132
"exp1","als","bigdata","cluster-cin-w-0.c.spark-186801.internal",74.0172457519655,0.0126806999746386,0,0,0.0887648998224702,5.93456758813087,19.9467410601065,1513125537.61265
"exp1","als","bigdata","cluster-cin-w-2.c.spark-186801.internal",67.9368262722487,0.125344697919278,0,0,0.0752068187515668,2.71997994484833,29.1426422662321,1513125542.60125
"exp1","als","bigdata","cluster-cin-w-4.c.spark-186801.internal",67.567229518449,0.0875547217010632,0,0,0.0500312695434647,1.15071919949969,31.1444652908068,1513125542.60143
"exp1","als","bigdata","cluster-cin-w-5.c.spark-186801.internal",70.7003154574133,0.0252365930599369,0,0,0.0630914826498423,4.75709779179811,24.4542586750789,1513125542.60256
"exp1","als","bigdata","cluster-cin-w-1.c.spark-186801.internal",65.5067695811717,0.113880804757687,0,0,0.0379602682525623,7.35163861824624,26.9897507275718,1513125542.60852
"exp1","als","bigdata","cluster-cin-w-6.c.spark-186801.internal",74.3875,0.1125,0,0,0.0125,1.65,23.8375,1513125542.60987
"exp1","als","bigdata","cluster-cin-w-3.c.spark-186801.internal",72.1881646440636,0,0,0,0.0500437883147754,1.08845239584637,26.6733391717753,1513125542.61354
"exp1","als","bigdata","cluster-cin-w-0.c.spark-186801.internal",69.0060698027314,0.0126454223571067,0,0,0.0758725341426404,6.52503793626707,24.3803743045018,1513125542.61614
"exp1","als","bigdata","cluster-cin-w-2.c.spark-186801.internal",52.8702424318553,0.0125612360256249,0,0,0.125612360256249,3.86886069589248,43.1227232759704,1513125547.60529
"exp1","als","bigdata","cluster-cin-w-4.c.spark-186801.internal",64.850680994627,0.0249906285143071,0,0,0.0749718855429214,1.69936273897289,33.3499937523429,1513125547.60567
"exp1","als","bigdata","cluster-cin-w-5.c.spark-186801.internal",52.6689489032585,0.0633954608850006,0,0,0.0760745530620008,7.10029161912007,40.0912894636744,1513125547.60784
"exp1","als","bigdata","cluster-cin-w-1.c.spark-186801.internal",60.5442176870748,0.113378684807256,0,0,0.0629881582262535,5.54295792391031,33.7364575459814,1513125547.61416
"exp1","als","bigdata","cluster-cin-w-6.c.spark-186801.internal",64.8936170212766,0.0876095118898623,0,0,0.0625782227784731,2.52816020025031,32.4280350438048,1513125547.61543
"exp1","als","bigdata","cluster-cin-w-3.c.spark-186801.internal",59.1790764610186,0.0125140783381304,0,0,0.0875985483669128,1.57677387060443,39.1440370416719,1513125547.61753
"exp1","als","bigdata","cluster-cin-w-0.c.spark-186801.internal",64.149980869787,0.0255069506440505,0,0,0.051013901288101,7.98367555158781,27.789822726693,1513125547.62025
"exp1","als","bigdata","cluster-cin-w-2.c.spark-186801.internal",65.3725342379696,0.163337102651087,0,0,0.0502575700464883,3.46777233320769,30.9460987561251,1513125552.60935
"exp1","als","bigdata","cluster-cin-w-4.c.spark-186801.internal",67.4125,0.1,0,0,0.0875,1.2875,31.1125,1513125552.61003
"exp1","als","bigdata","cluster-cin-w-5.c.spark-186801.internal",70.1654667171909,0.164203612479475,0,0,0.0252620942276115,4.8503220917014,24.7947454844007,1513125552.61339
"exp1","als","bigdata","cluster-cin-w-1.c.spark-186801.internal",62.8430504616163,0.12647021626407,0,0,0.0379410648792209,8.63791577083597,28.3546224864045,1513125552.6198
"exp1","als","bigdata","cluster-cin-w-6.c.spark-186801.internal",70.4232406711746,0.0375657400450789,0,0,0.0250438266967193,1.97846230904082,27.5356874530428,1513125552.62099
"exp1","als","bigdata","cluster-cin-w-0.c.spark-186801.internal",69.2728197304856,0.0127129417747267,0,0,0.0635647088736334,7.23366386981948,23.4172387490465,1513125552.62188
"exp1","als","bigdata","cluster-cin-w-3.c.spark-186801.internal",71.525,0.125,0,0,0.05,0.9375,27.3625,1513125552.62328
"exp1","als","bigdata","cluster-cin-w-4.c.spark-186801.internal",63.6045056320401,0.150187734668335,0,0,0.0625782227784731,1.25156445556946,34.9311639549437,1513125557.6138
"exp1","als","bigdata","cluster-cin-w-2.c.spark-186801.internal",56.0165975103734,0.0377216144851,0,0,0.0754432289701999,4.2625424368163,39.607695209355,1513125557.61504
"exp1","als","bigdata","cluster-cin-w-5.c.spark-186801.internal",54.310672236992,0.151917964299278,0,0,0.0886188125079124,6.25395619698696,39.1948347892138,1513125557.61597
