"exp","algo","scale","hostname","idle","iowait","irq","nice","softirq","system","user","timestamp"
"exp2","als","large","cluster-cin-w-0.c.spark-186801.internal",99.7375,0.025,0,0,0,0.025,0.2125,1513208644.83163
"exp2","als","large","cluster-cin-w-4.c.spark-186801.internal",99.737663960025,0.0374765771392879,0,0,0,0.0374765771392879,0.18738288569644,1513208644.8335
"exp2","als","large","cluster-cin-w-5.c.spark-186801.internal",99.7877122877123,0.024975024975025,0,0,0,0.024975024975025,0.162337662337662,1513208644.83435
"exp2","als","large","cluster-cin-w-3.c.spark-186801.internal",99.8251311516363,0.024981264051961,0,0,0,0.024981264051961,0.124906320259805,1513208644.83454
"exp2","als","large","cluster-cin-w-2.c.spark-186801.internal",99.7502185587611,0,0,0,0.0124890720619458,0.0499562882477832,0.187336080929187,1513208644.83465
"exp2","als","large","cluster-cin-w-1.c.spark-186801.internal",99.7876857749469,0.0374672161858374,0,0,0,0.0124890720619458,0.162357936805295,1513208644.83723
"exp2","als","large","cluster-cin-w-6.c.spark-186801.internal",99.7876592555583,0.0374718960779415,0,0,0.0124906320259805,0.024981264051961,0.137396952285786,1513208644.83785
"exp2","als","large","cluster-cin-w-0.c.spark-186801.internal",99.9125764955664,0,0,0,0,0.0124890720619458,0.0749344323716748,1513208649.83716
"exp2","als","large","cluster-cin-w-4.c.spark-186801.internal",99.8875983514425,0,0,0,0,0.0249781441238916,0.0874235044336206,1513208649.83919
"exp2","als","large","cluster-cin-w-5.c.spark-186801.internal",93.9189189189189,0.025025025025025,0,0,0.0125125125125125,0.875875875875876,5.16766766766767,1513208649.83999
"exp2","als","large","cluster-cin-w-3.c.spark-186801.internal",99.45,0.0125,0,0,0.0375,0.3,0.2,1513208649.8407
"exp2","als","large","cluster-cin-w-2.c.spark-186801.internal",99.4626343414146,0,0,0,0.0374906273431642,0.274931267183204,0.224943764058985,1513208649.84119
"exp2","als","large","cluster-cin-w-1.c.spark-186801.internal",99.7501873594804,0,0,0,0,0.0999250562078441,0.149887584311766,1513208649.84275
"exp2","als","large","cluster-cin-w-6.c.spark-186801.internal",99.8501124156882,0,0,0,0,0.0499625281039221,0.0999250562078441,1513208649.84338
"exp2","als","large","cluster-cin-w-0.c.spark-186801.internal",88.2066033016508,0,0,0,0.0250125062531266,1.40070035017509,10.367683841921,1513208654.84264
"exp2","als","large","cluster-cin-w-5.c.spark-186801.internal",85.875,0.1125,0,0,0,0.875,13.1375,1513208654.84422
"exp2","als","large","cluster-cin-w-4.c.spark-186801.internal",90.3959035843637,0.0124890720619458,0,0,0.0249781441238916,1.29886349444236,8.26776570500812,1513208654.84488
"exp2","als","large","cluster-cin-w-6.c.spark-186801.internal",90.1803607214429,0.0125250501002004,0,0,0.0125250501002004,1.45290581162325,8.34168336673347,1513208654.84531
"exp2","als","large","cluster-cin-w-3.c.spark-186801.internal",89.9812147777082,0.225422667501565,0,0,0.0751408891671885,1.17720726361929,8.54101440200376,1513208654.84597
"exp2","als","large","cluster-cin-w-2.c.spark-186801.internal",89.3643643643644,0.025025025025025,0,0,0.0125125125125125,1.3013013013013,9.2967967967968,1513208654.84612
"exp2","als","large","cluster-cin-w-1.c.spark-186801.internal",89.7262842144732,0.0124984376952881,0,0,0.0374953130858643,1.28733908261467,8.93638295213098,1513208654.84679
"exp2","als","large","cluster-cin-w-0.c.spark-186801.internal",68.5187507838957,0.351185250219491,0,0,0.0627116518249091,2.13219616204691,28.935156152013,1513208659.8481
"exp2","als","large","cluster-cin-w-5.c.spark-186801.internal",76.4278557114229,0.263026052104208,0,0,0.062625250501002,1.52805611222445,21.7184368737475,1513208659.84985
"exp2","als","large","cluster-cin-w-4.c.spark-186801.internal",78.4461152882206,0.025062656641604,0,0,0.025062656641604,1.56641604010025,19.937343358396,1513208659.85047
"exp2","als","large","cluster-cin-w-6.c.spark-186801.internal",76.531124497992,0.08785140562249,0,0,0.0251004016064257,1.83232931726908,21.52359437751,1513208659.85078
"exp2","als","large","cluster-cin-w-2.c.spark-186801.internal",79.7489014438167,0.0125549278091651,0,0,0.0502197112366604,1.43126177024482,18.7570621468927,1513208659.85145
"exp2","als","large","cluster-cin-w-3.c.spark-186801.internal",76.6160411698255,0.263587297602611,0,0,0.0502071043052592,1.45600602485252,21.6141584034141,1513208659.85149
"exp2","als","large","cluster-cin-w-1.c.spark-186801.internal",76.0346124905944,0.0125407574617507,0,0,0.0250815149235014,1.69300225733634,22.234762979684,1513208659.85334
"exp2","als","large","cluster-cin-w-4.c.spark-186801.internal",44.4486309972369,0.0125596583772921,0,0,0.150715900527506,2.52449133383572,52.8636021100226,1513208664.85188
"exp2","als","large","cluster-cin-w-0.c.spark-186801.internal",18.4210526315789,0,0,0,0.18886930244271,3.09745656006044,78.2926215059179,1513208664.85277
"exp2","als","large","cluster-cin-w-6.c.spark-186801.internal",43.4175782723501,0.0125738714950333,0,0,0.163460329435433,2.92971205834276,53.4766754683767,1513208664.8532
"exp2","als","large","cluster-cin-w-3.c.spark-186801.internal",38.4170127091984,0.0251667295834906,0,0,0.201333836667925,2.8060903485592,58.5503963759909,1513208664.85354
"exp2","als","large","cluster-cin-w-2.c.spark-186801.internal",39.1851106639839,0.0125754527162978,0,0,0.163480885311871,3.05583501006036,57.5829979879276,1513208664.85358
"exp2","als","large","cluster-cin-w-1.c.spark-186801.internal",41.6299836498554,0.0125770343353037,0.0125770343353037,0,0.150924412023645,2.60344610740787,55.5904917620425,1513208664.85468
"exp2","als","large","cluster-cin-w-5.c.spark-186801.internal",34.587791063562,0.012586532410321,0,0,0.151038388923851,2.98300818124607,62.2655758338578,1513208664.85535
"exp2","als","large","cluster-cin-w-4.c.spark-186801.internal",36.6817155756208,0,0,0,0.376222723852521,5.27965889139704,57.6624028091297,1513208669.85588
"exp2","als","large","cluster-cin-w-2.c.spark-186801.internal",43.4597037408988,0.0125533517449159,0,0,0.288727090133066,6.91689681144866,49.3221190057745,1513208669.85763
"exp2","als","large","cluster-cin-w-1.c.spark-186801.internal",43.5694549108264,0.0125596583772921,0,0,0.326551117809596,5.87792012057272,50.213514192414,1513208669.85828
"exp2","als","large","cluster-cin-w-6.c.spark-186801.internal",53.1877510040161,0.0251004016064257,0,0,0.213353413654618,5.52208835341365,41.0517068273092,1513208669.85905
"exp2","als","large","cluster-cin-w-0.c.spark-186801.internal",30.7643952728187,0.0251445813427206,0,0,0.314307266784008,6.02212723158159,62.874025647473,1513208669.85909
"exp2","als","large","cluster-cin-w-5.c.spark-186801.internal",32.236925015753,0.0252047889098929,0,0,0.315059861373661,7.52362948960302,59.8991808443604,1513208669.85937
"exp2","als","large","cluster-cin-w-3.c.spark-186801.internal",58.4075235109718,0,0,0,0.238244514106583,4.73981191222571,36.6144200626959,1513208669.85946
"exp2","als","large","cluster-cin-w-4.c.spark-186801.internal",52.7259055019426,0.0125328988595062,0,0,0.526381752099261,4.02306053390149,42.7121193131971,1513208674.85988
"exp2","als","large","cluster-cin-w-2.c.spark-186801.internal",61.4066044870179,0,0.0126039828585833,0,0.277287622888833,4.83992941769599,33.4635744895387,1513208674.86066
"exp2","als","large","cluster-cin-w-1.c.spark-186801.internal",45.148689516129,0.0252016129032258,0,0,0.390625,4.32207661290323,50.1134072580645,1513208674.8612
"exp2","als","large","cluster-cin-w-0.c.spark-186801.internal",39.7943831494483,0,0,0,0.363590772316951,5.39117352056168,54.450852557673,1513208674.86169
"exp2","als","large","cluster-cin-w-5.c.spark-186801.internal",47.0982425085346,0,0,0,0.505752939688962,7.6242255658111,44.7717789859654,1513208674.86328
"exp2","als","large","cluster-cin-w-6.c.spark-186801.internal",61.1376192867906,0,0,0,0.301356102461075,3.80462079357107,34.7564038171773,1513208674.8643
"exp2","als","large","cluster-cin-w-3.c.spark-186801.internal",62.8064032016008,0.0250125062531266,0,0,0.225112556278139,3.23911955977989,33.704352176088,1513208674.865
"exp2","als","large","cluster-cin-w-4.c.spark-186801.internal",62.111334002006,0.0250752256770311,0,0,0.351053159478435,4.06218655967904,33.4503510531595,1513208679.86544
"exp2","als","large","cluster-cin-w-2.c.spark-186801.internal",65.5896404324868,0.213728941413125,0,0,0.301734976112648,5.20492833794317,28.6899673120443,1513208679.86615
"exp2","als","large","cluster-cin-w-1.c.spark-186801.internal",68.0225988700565,0.0251098556183302,0,0,0.288763339610797,4.29378531073446,27.3697426239799,1513208679.86674
"exp2","als","large","cluster-cin-w-0.c.spark-186801.internal",61.4620030196276,0.0251635631605435,0,0,0.339708102667338,3.92551585304479,34.2476094614997,1513208679.86724
"exp2","als","large","cluster-cin-w-5.c.spark-186801.internal",51.6624365482233,0.0126903553299492,0,0,0.431472081218274,7.75380710659898,40.1395939086294,1513208679.86729
"exp2","als","large","cluster-cin-w-6.c.spark-186801.internal",71.1862276954009,0.0125659713495853,0,0,0.18848957024378,5.20231213872832,23.4104046242775,1513208679.86989
"exp2","als","large","cluster-cin-w-3.c.spark-186801.internal",75.3323300727364,0.0125407574617507,0,0,0.213192876849762,1.93127664910961,22.5106596438425,1513208679.87061
"exp2","als","large","cluster-cin-w-4.c.spark-186801.internal",67.0676691729323,0.025062656641604,0,0,0.25062656641604,3.1203007518797,29.5363408521303,1513208684.86794
"exp2","als","large","cluster-cin-w-2.c.spark-186801.internal",64.2095914742451,0.241055569652372,0,0,0.253742704897234,10.1370210606445,25.1585891905608,1513208684.86969
"exp2","als","large","cluster-cin-w-5.c.spark-186801.internal",56.1749462773354,0.0252812539501959,0,0,0.417140690178233,8.7093919858425,34.6732397926937,1513208684.86992
"exp2","als","large","cluster-cin-w-0.c.spark-186801.internal",64.8359934648737,0.0251351011687822,0,0,0.289053663440995,4.32323740103054,30.526580369486,1513208684.87085
"exp2","als","large","cluster-cin-w-1.c.spark-186801.internal",68.3652875882946,0.0126135216952573,0,0,0.252270433905146,5.22199798183653,26.1478304742684,1513208684.8715
"exp2","als","large","cluster-cin-w-3.c.spark-186801.internal",78.7586206896552,0.0125391849529781,0,0,0.225705329153605,1.8307210031348,19.1724137931034,1513208684.87355
"exp2","als","large","cluster-cin-w-6.c.spark-186801.internal",66.9017632241814,0.277078085642317,0,0,0.277078085642317,7.43073047858942,25.1133501259446,1513208684.87538
"exp2","als","large","cluster-cin-w-4.c.spark-186801.internal",66.2037037037037,3.49099099099099,0,0,0.175175175175175,3.74124124124124,26.3888888888889,1513208689.87195
"exp2","als","large","cluster-cin-w-0.c.spark-186801.internal",68.9012096774194,0.0630040322580645,0,0,0.151209677419355,5.078125,25.8064516129032,1513208689.87345
"exp2","als","large","cluster-cin-w-2.c.spark-186801.internal",67.9095045500506,0.0884732052578362,0,0,0.202224469160768,8.20273003033367,23.5970677451972,1513208689.87528
"exp2","als","large","cluster-cin-w-5.c.spark-186801.internal",59.3970736629667,0.13874873864783,0,0,0.365792129162462,6.89959636730575,33.1987891019173,1513208689.87534
"exp2","als","large","cluster-cin-w-1.c.spark-186801.internal",73.7325449742106,0.301924770411373,0,0,0.213863379041389,5.04465970562335,20.7070071707133,1513208689.87573
"exp2","als","large","cluster-cin-w-3.c.spark-186801.internal",80.2255639097744,0.300751879699248,0,0,0.12531328320802,2.78195488721805,16.5664160401003,1513208689.87899
"exp2","als","large","cluster-cin-w-6.c.spark-186801.internal",68.6932391523713,0.0378405650857719,0,0,0.13874873864783,6.88698284561049,24.2431886982846,1513208689.88077
"exp2","als","large","cluster-cin-w-2.c.spark-186801.internal",67.4371348742697,0.0381000762001524,0,0,0.101600203200406,8.33121666243333,24.0919481838964,1513208694.87655
"exp2","als","large","cluster-cin-w-4.c.spark-186801.internal",64.7757091090841,0.0624765712857678,0,0,0.212420342371611,3.98600524803199,30.9633887292265,1513208694.87754
"exp2","als","large","cluster-cin-w-0.c.spark-186801.internal",68.6276969392875,0.727546412443552,0,0,0.112895132965379,5.21826392373307,25.3135975915705,1513208694.879
"exp2","als","large","cluster-cin-w-5.c.spark-186801.internal",58.0187484165189,0.0126678489992399,0,0,0.291360526982518,7.19533823156828,34.4818849759311,1513208694.87941
"exp2","als","large","cluster-cin-w-1.c.spark-186801.internal",70.2100893194113,0.0503207950685621,0,0,0.201283180274248,5.63592904767895,23.902377657567,1513208694.88115
"exp2","als","large","cluster-cin-w-3.c.spark-186801.internal",78.3688833124216,0.0501882057716437,0,0,0.150564617314931,2.83563362609787,18.594730238394,1513208694.8844
"exp2","als","large","cluster-cin-w-6.c.spark-186801.internal",68.4011113917656,0.0252589037635767,0,0,0.164182874463248,6.8199040161657,24.5895428138419,1513208694.88589
"exp2","bayes","large","cluster-cin-w-4.c.spark-186801.internal",99.9125,0,0,0,0,0,0.0875,1513208485.33999
"exp2","bayes","large","cluster-cin-w-1.c.spark-186801.internal",99.9000874235044,0.0124890720619458,0,0,0,0.0249781441238916,0.062445360309729,1513208485.34374
"exp2","bayes","large","cluster-cin-w-3.c.spark-186801.internal",99.9125655758181,0,0,0,0,0.0374718960779415,0.0499625281039221,1513208485.34538
"exp2","bayes","large","cluster-cin-w-2.c.spark-186801.internal",99.8751248751249,0,0,0,0,0.0374625374625375,0.0874125874125874,1513208485.34641
"exp2","bayes","large","cluster-cin-w-6.c.spark-186801.internal",99.8750936797402,0,0,0,0,0.0374718960779415,0.0874344241818636,1513208485.34774
"exp2","bayes","large","cluster-cin-w-0.c.spark-186801.internal",99.8751404669747,0,0,0,0,0.0249719066050693,0.0998876264202772,1513208485.34929
"exp2","bayes","large","cluster-cin-w-5.c.spark-186801.internal",99.9000749437922,0,0,0,0,0.0374718960779415,0.0624531601299026,1513208485.35059
"exp2","bayes","large","cluster-cin-w-4.c.spark-186801.internal",95.750531183602,0.0124984376952881,0,0,0.0249968753905762,0.924884389451319,3.28708911386077,1513208490.34391
"exp2","bayes","large","cluster-cin-w-1.c.spark-186801.internal",99.8250874562719,0,0,0,0.0124937531234383,0.087456271864068,0.0749625187406297,1513208490.34932
"exp2","bayes","large","cluster-cin-w-3.c.spark-186801.internal",99.6125968507873,0.0249937515621095,0,0,0,0.224943764058985,0.137465633591602,1513208490.35099
"exp2","bayes","large","cluster-cin-w-2.c.spark-186801.internal",99.4750656167979,0,0,0,0.0499937507811524,0.299962504686914,0.174978127734033,1513208490.35197
"exp2","bayes","large","cluster-cin-w-6.c.spark-186801.internal",99.8126639190708,0,0,0,0,0.0499562882477832,0.137379792681404,1513208490.35336
"exp2","bayes","large","cluster-cin-w-0.c.spark-186801.internal",99.9000999000999,0,0,0,0,0.0124875124875125,0.0874125874125874,1513208490.3549
"exp2","bayes","large","cluster-cin-w-5.c.spark-186801.internal",99.8751092793805,0,0,0,0,0.0374672161858374,0.0874235044336206,1513208490.35614
"exp2","bayes","large","cluster-cin-w-4.c.spark-186801.internal",87.2263230326536,0.0125109470786939,0,0,0.0250218941573877,0.900788189665958,11.8353559364444,1513208495.3493
"exp2","bayes","large","cluster-cin-w-1.c.spark-186801.internal",93.5407296351824,0.124937531234383,0,0,0.0249875062468766,0.924537731134433,5.3848075962019,1513208495.35484
"exp2","bayes","large","cluster-cin-w-3.c.spark-186801.internal",87.6061969015492,0.187406296851574,0,0,0.0499750124937531,1.42428785607196,10.7321339330335,1513208495.35651
"exp2","bayes","large","cluster-cin-w-0.c.spark-186801.internal",94.1485371342836,0.0125031257814454,0,0,0.0125031257814454,0.925231307826957,4.90122530632658,1513208495.35671
"exp2","bayes","large","cluster-cin-w-2.c.spark-186801.internal",87.6329953686319,0.0125172111653524,0,0,0.0375516334960571,1.58968581799975,10.727249968707,1513208495.35768
"exp2","bayes","large","cluster-cin-w-6.c.spark-186801.internal",94.072036018009,0,0,0,0.0250125062531266,1.05052526263132,4.85242621310655,1513208495.35906
"exp2","bayes","large","cluster-cin-w-5.c.spark-186801.internal",85.880731646204,0,0,0,0.0125281884239539,1.62866449511401,12.4780756702581,1513208495.36169
"exp2","bayes","large","cluster-cin-w-4.c.spark-186801.internal",72.8412081714501,0.0125328988595062,0,0,0.0250657977190124,1.67940844717383,25.4417846847976,1513208500.35476
"exp2","bayes","large","cluster-cin-w-1.c.spark-186801.internal",72.0531128648378,0.0125266190655142,0,0,0.0501064762620569,1.75372666917199,26.1305273706627,1513208500.35823
"exp2","bayes","large","cluster-cin-w-0.c.spark-186801.internal",70.4130162703379,0.0125156445556946,0,0,0.0125156445556946,1.75219023779725,27.8097622027534,1513208500.36068
"exp2","bayes","large","cluster-cin-w-6.c.spark-186801.internal",71.3371801304566,0.0125439036628199,0,0,0.0250878073256397,1.96939287506272,26.6557952834922,1513208500.36134
"exp2","bayes","large","cluster-cin-w-2.c.spark-186801.internal",75.76629550857,0.0250218941573877,0,0,0.0250218941573877,1.41373701989241,22.7699236832228,1513208500.36264
"exp2","bayes","large","cluster-cin-w-3.c.spark-186801.internal",76.9731896767727,0.175394637935355,0,0,0.0125281884239539,1.25281884239539,21.5860686544726,1513208500.36269
"exp2","bayes","large","cluster-cin-w-5.c.spark-186801.internal",67.7181124045563,0.0250344223307047,0,0,0.0125172111653524,2.06533984228314,30.1789961196645,1513208500.36344
"exp2","bayes","large","cluster-cin-w-4.c.spark-186801.internal",37.3992950654582,0,0,0,0.226586102719033,1.92598187311178,60.448136958711,1513208505.36021
"exp2","bayes","large","cluster-cin-w-1.c.spark-186801.internal",37.2830188679245,0.0125786163522013,0,0,0.264150943396226,1.9622641509434,60.4779874213836,1513208505.36222
"exp2","bayes","large","cluster-cin-w-3.c.spark-186801.internal",35.7070961248113,0.0125817815802718,0,0,0.327126321087066,1.9627579265224,61.990437845999,1513208505.36552
"exp2","bayes","large","cluster-cin-w-2.c.spark-186801.internal",39.738430583501,0,0,0,0.289235412474849,1.79828973843058,58.1740442655936,1513208505.36561
"exp2","bayes","large","cluster-cin-w-0.c.spark-186801.internal",37.6793355147244,0.0125849484017116,0,0,0.213944122829096,2.20236597029952,59.8917694437453,1513208505.36632
"exp2","bayes","large","cluster-cin-w-6.c.spark-186801.internal",35.2149861704803,0.0251445813427206,0,0,0.188584360070405,2.04928337943173,62.5220015086749,1513208505.36679
"exp2","bayes","large","cluster-cin-w-5.c.spark-186801.internal",21.2993214375471,0,0,0,0.289017341040462,2.28700678562453,76.1246544357879,1513208505.36755
"exp2","bayes","large","cluster-cin-w-4.c.spark-186801.internal",73.0595893840761,0.0125187781672509,0,0,0.0500751126690035,2.01552328492739,24.8622934401602,1513208510.36395
"exp2","bayes","large","cluster-cin-w-1.c.spark-186801.internal",71.2853921322977,0.0125281884239539,0,0,0.0751691305437234,2.21748935103984,26.4094211976948,1513208510.36787
"exp2","bayes","large","cluster-cin-w-3.c.spark-186801.internal",82.636454682023,0.0125187781672509,0,0,0.0375563345017526,0.375563345017526,16.9379068602904,1513208510.37119
"exp2","bayes","large","cluster-cin-w-2.c.spark-186801.internal",72.7147508139244,0.0125219133483596,0,0,0.0626095667417981,2.19133483596294,25.0187828700225,1513208510.37125
"exp2","bayes","large","cluster-cin-w-5.c.spark-186801.internal",57.9914957478739,0.0250125062531266,0,0,0.0500250125062531,2.16358179089545,39.7698849424712,1513208510.37139
"exp2","bayes","large","cluster-cin-w-0.c.spark-186801.internal",74.5270016288686,0.0125297581756672,0,0,0.0250595163513344,0.902142588648039,24.5332665079564,1513208510.37198
"exp2","bayes","large","cluster-cin-w-6.c.spark-186801.internal",75.4196943122025,0.0125281884239539,0,0,0.0250563768479078,1.87922826359308,22.6634928589326,1513208510.37325
"exp2","gbt","large","cluster-cin-w-1.c.spark-186801.internal",99.8501124156882,0,0,0,0.0124906320259805,0.0374718960779415,0.0999250562078441,1513208805.7025
"exp2","gbt","large","cluster-cin-w-2.c.spark-186801.internal",99.7877387938569,0,0,0,0,0.0374578599076039,0.174803346235485,1513208805.70337
"exp2","gbt","large","cluster-cin-w-3.c.spark-186801.internal",99.8875843117662,0,0,0,0,0.024981264051961,0.0874344241818636,1513208805.70445
"exp2","gbt","large","cluster-cin-w-4.c.spark-186801.internal",99.8501872659176,0.0124843945068664,0,0,0,0.0374531835205993,0.0998751560549313,1513208805.7051
"exp2","gbt","large","cluster-cin-w-5.c.spark-186801.internal",99.8126873126873,0.0124875124875125,0,0,0,0.04995004995005,0.124875124875125,1513208805.70815
"exp2","gbt","large","cluster-cin-w-6.c.spark-186801.internal",99.7876592555583,0.0374718960779415,0,0,0,0.0374718960779415,0.137396952285786,1513208805.7082
"exp2","gbt","large","cluster-cin-w-0.c.spark-186801.internal",99.8376623376623,0,0,0,0,0.024975024975025,0.137362637362637,1513208805.70996
"exp2","gbt","large","cluster-cin-w-1.c.spark-186801.internal",99.8001498875843,0.0374718960779415,0,0,0,0.0374718960779415,0.124906320259805,1513208810.70812
"exp2","gbt","large","cluster-cin-w-2.c.spark-186801.internal",99.775196702885,0.0124890720619458,0,0,0.0124890720619458,0.0874235044336206,0.112401648557512,1513208810.70893
"exp2","gbt","large","cluster-cin-w-3.c.spark-186801.internal",99.9250562078441,0,0,0,0,0,0.0749437921558831,1513208810.71002
"exp2","gbt","large","cluster-cin-w-4.c.spark-186801.internal",96.2283002372924,0,0,0,0.0374672161858374,0.736855251654802,2.99737729486699,1513208810.71067
"exp2","gbt","large","cluster-cin-w-5.c.spark-186801.internal",99.2374046755844,0,0,0,0.0875109388673584,0.300037504688086,0.375046880860108,1513208810.71143
"exp2","gbt","large","cluster-cin-w-6.c.spark-186801.internal",99.8377028714107,0,0,0,0,0.0624219725343321,0.0998751560549313,1513208810.71376
"exp2","gbt","large","cluster-cin-w-0.c.spark-186801.internal",99.2753623188406,0.124937531234383,0,0,0.0374812593703148,0.337331334332834,0.224887556221889,1513208810.71558
"exp2","gbt","large","cluster-cin-w-1.c.spark-186801.internal",94.1470735367684,0.11255627813907,0,0,0.0250125062531266,0.862931465732866,4.85242621310655,1513208815.71035
"exp2","gbt","large","cluster-cin-w-2.c.spark-186801.internal",94.3971985992997,0,0,0,0.0500250125062531,0.925462731365683,4.62731365682841,1513208815.71372
"exp2","gbt","large","cluster-cin-w-3.c.spark-186801.internal",94.3757030371204,0,0,0,0.0249968753905762,0.924884389451319,4.67441569803775,1513208815.71552
"exp2","gbt","large","cluster-cin-w-4.c.spark-186801.internal",86.653311631401,0.0125203455615375,0,0,0.0125203455615375,0.763741079253787,12.5579065982221,1513208815.71615
"exp2","gbt","large","cluster-cin-w-5.c.spark-186801.internal",93.9984996249062,0.125031257814454,0,0,0.0500125031257814,1.00025006251563,4.82620655163791,1513208815.71685
"exp2","gbt","large","cluster-cin-w-6.c.spark-186801.internal",94.6645008121954,0,0,0,0.0124953142571536,0.949643883543671,4.37335999000375,1513208815.71831
"exp2","gbt","large","cluster-cin-w-0.c.spark-186801.internal",94.3742967870984,0.0125015626953369,0,0,0.0125015626953369,1.02512814101763,4.57557194649331,1513208815.72128
"exp2","gbt","large","cluster-cin-w-1.c.spark-186801.internal",88.2970742685671,0.0250062515628907,0,0,0.0250062515628907,1.12528132033008,10.527631907977,1513208820.71431
"exp2","gbt","large","cluster-cin-w-3.c.spark-186801.internal",88.5092001502065,0.350481912629866,0,0,0.0250344223307047,0.951308048566779,10.1639754662661,1513208820.71761
"exp2","gbt","large","cluster-cin-w-2.c.spark-186801.internal",82.6812139453223,0.0250815149235014,0,0,0.0250815149235014,1.35440180586907,15.9142212189616,1513208820.71767
"exp2","gbt","large","cluster-cin-w-5.c.spark-186801.internal",88.5106382978723,0.0250312891113892,0,0,0.0250312891113892,1.00125156445557,10.4380475594493,1513208820.71951
"exp2","gbt","large","cluster-cin-w-4.c.spark-186801.internal",83.970992748187,0.0250062515628907,0,0,0.0250062515628907,1.22530632658165,14.7536884221055,1513208820.72031
"exp2","gbt","large","cluster-cin-w-6.c.spark-186801.internal",87.5328906152111,0.137827339932339,0,0,0.0250595163513344,1.20285678486405,11.1013657436411,1513208820.72121
"exp2","gbt","large","cluster-cin-w-0.c.spark-186801.internal",88.3985498187273,0.0125015626953369,0,0,0,0.987623452931616,10.6013251656457,1513208820.72476
"exp2","gbt","large","cluster-cin-w-1.c.spark-186801.internal",68.7358632822317,0,0,0,0.0502638853983413,1.26916310630812,29.9447097260618,1513208825.71895
"exp2","gbt","large","cluster-cin-w-2.c.spark-186801.internal",45.5298844801607,0.0125565042692115,0,0,0.200904068307383,2.62430939226519,51.6323455549975,1513208825.72174
"exp2","gbt","large","cluster-cin-w-3.c.spark-186801.internal",75.9879563417388,0.188182160331201,0,0,0.0250909547108267,1.5054572826496,22.2933132605696,1513208825.72314
"exp2","gbt","large","cluster-cin-w-5.c.spark-186801.internal",68.6731878605468,0.0125407574617507,0,0,0.0376222723852521,1.40456483571608,29.8720842738901,1513208825.72519
"exp2","gbt","large","cluster-cin-w-4.c.spark-186801.internal",56.1691979415087,0.0251035521526296,0,0,0.0376553282289444,1.93297351575248,41.8350696623572,1513208825.72556
"exp2","gbt","large","cluster-cin-w-6.c.spark-186801.internal",70.0827897641746,0.0250878073256397,0,0,0.0250878073256397,1.53035624686402,28.3366783743101,1513208825.72651
"exp2","gbt","large","cluster-cin-w-0.c.spark-186801.internal",75.6207674943567,0.0125407574617507,0,0,0.0125407574617507,1.32932029094557,23.0248306997743,1513208825.73029
"exp2","gbt","large","cluster-cin-w-1.c.spark-186801.internal",85.5765619131088,0.0125203455615375,0,0,0.0375610366846125,0.626017278076875,13.7473394265682,1513208830.72234
"exp2","gbt","large","cluster-cin-w-2.c.spark-186801.internal",63.5680280631421,0,0,0,0.100225507391631,1.34051616136307,34.9912302681032,1513208830.72571
"exp2","gbt","large","cluster-cin-w-3.c.spark-186801.internal",85.472972972973,0.0125125125125125,0,0,0.0625625625625626,0.513013013013013,13.9389389389389,1513208830.72874
"exp2","gbt","large","cluster-cin-w-5.c.spark-186801.internal",86.4591147786947,0.0125031257814454,0,0,0.0250062515628907,0.537634408602151,12.9657414353588,1513208830.73073
"exp2","gbt","large","cluster-cin-w-4.c.spark-186801.internal",79.6714321545021,0,0,0,0.0376222723852521,0.714823175319789,19.5761223977928,1513208830.73143
"exp2","gbt","large","cluster-cin-w-6.c.spark-186801.internal",85.3158223889931,0,0,0,0.0250156347717323,0.575359599749844,14.0838023764853,1513208830.73189
"exp2","gbt","large","cluster-cin-w-0.c.spark-186801.internal",85.7608015028178,0,0,0,0.050093926111459,0.563556668753914,13.6255479023168,1513208830.7329
"exp2","gbt","large","cluster-cin-w-1.c.spark-186801.internal",93.1693306693307,0.0124875124875125,0,0,0.04995004995005,0.44955044955045,6.31868131868132,1513208835.72788
"exp2","gbt","large","cluster-cin-w-2.c.spark-186801.internal",59.664706618291,0.0250218941573877,0,0,0.100087576629551,1.12598523708245,39.0841986738396,1513208835.72981
"exp2","gbt","large","cluster-cin-w-3.c.spark-186801.internal",93.3900851276915,0.0250375563345018,0,0,0.0125187781672509,0.513269904857286,6.05908863294942,1513208835.73422
"exp2","gbt","large","cluster-cin-w-5.c.spark-186801.internal",93.2783608195902,0,0,0,0,0.499750124937531,6.22188905547226,1513208835.73623
"exp2","gbt","large","cluster-cin-w-4.c.spark-186801.internal",89.1959484806803,0.0250093785169439,0,0,0.0500187570338877,0.837814180317619,9.89120920345129,1513208835.7369
"exp2","gbt","large","cluster-cin-w-6.c.spark-186801.internal",93.1604659902292,0,0,0,0.0250532381310284,0.538644619817111,6.27583615182262,1513208835.73748
"exp2","gbt","large","cluster-cin-w-0.c.spark-186801.internal",93.2840496178424,0.0125297581756672,0,0,0.0125297581756672,0.426011777972685,6.2648790878336,1513208835.73828
"exp2","gbt","large","cluster-cin-w-1.c.spark-186801.internal",91.0229122323776,0.0125203455615375,0,0,0.0125203455615375,0.575935895830725,8.37611118066859,1513208840.73343
"exp2","gbt","large","cluster-cin-w-2.c.spark-186801.internal",72.453443319585,0.0249968753905762,0,0,0.174978127734033,1.8872640919885,25.4593175853018,1513208840.73534
"exp2","gbt","large","cluster-cin-w-3.c.spark-186801.internal",91.8651291050389,0,0,0,0.0250689395838556,0.538982201052896,7.57081975432439,1513208840.73972
"exp2","gbt","large","cluster-cin-w-5.c.spark-186801.internal",90.6339877454045,0.0125046892584719,0,0,0.0250093785169439,0.537701638114293,8.79079654870577,1513208840.74175
"exp2","gbt","large","cluster-cin-w-4.c.spark-186801.internal",87.1121121121121,0.025025025025025,0,0,0.0500500500500501,0.688188188188188,12.1246246246246,1513208840.74242
"exp2","gbt","large","cluster-cin-w-6.c.spark-186801.internal",88.9652586853287,0.0249937515621095,0,0,0,0.587353161709573,10.4223944013997,1513208840.74313
"exp2","gbt","large","cluster-cin-w-0.c.spark-186801.internal",91.525,0.0125,0,0,0.025,0.5125,7.925,1513208840.744
"exp2","gbt","large","cluster-cin-w-2.c.spark-186801.internal",69.9375780274657,0.237203495630462,0,0,0.0873907615480649,1.27340823970037,28.4644194756554,1513208845.73775
"exp2","gbt","large","cluster-cin-w-1.c.spark-186801.internal",94.421564956945,0.0124797204542618,0,0,0.0499188818170473,0.299513290902284,5.21652314988144,1513208845.73897
"exp2","gbt","large","cluster-cin-w-3.c.spark-186801.internal",94.7289345185927,0.025040691123075,0,0,0,0.325528984599975,4.92049580568424,1513208845.74524
"exp2","gbt","large","cluster-cin-w-5.c.spark-186801.internal",94.6328037032403,0,0,0,0.0125109470786939,0.237707994495183,5.11697735518579,1513208845.74729
"exp2","gbt","large","cluster-cin-w-4.c.spark-186801.internal",91.6896120150188,0.262828535669587,0,0,0.0500625782227785,0.400500625782228,7.59699624530663,1513208845.7481
"exp2","gbt","large","cluster-cin-w-6.c.spark-186801.internal",94.7098549274637,0,0,0,0.0125062531265633,0.412706353176588,4.86493246623312,1513208845.74884
"exp2","gbt","large","cluster-cin-w-0.c.spark-186801.internal",93.7460913070669,0.562851782363977,0,0,0.0250156347717323,0.187617260787992,5.47842401500938,1513208845.7496
"exp2","gbt","large","cluster-cin-w-1.c.spark-186801.internal",95.8260434891277,0.0124968757810547,0,0,0,0.199950012496876,3.96150962259435,1513208850.74037
"exp2","gbt","large","cluster-cin-w-2.c.spark-186801.internal",58.3760790691855,0.0125109470786939,0,0,0.0750656824721631,1.18853997247592,40.3478043287877,1513208850.74178
"exp2","gbt","large","cluster-cin-w-3.c.spark-186801.internal",95.5852926463232,0,0,0,0.0250125062531266,0.287643821910955,4.10205102551276,1513208850.7507
"exp2","gbt","large","cluster-cin-w-5.c.spark-186801.internal",95.1368921115139,0.300037504688086,0,0,0.0125015626953369,0.175021877734717,4.37554694336792,1513208850.75277
"exp2","gbt","large","cluster-cin-w-4.c.spark-186801.internal",93.7711069418387,0.0375234521575985,0,0,0.0250156347717323,0.250156347717323,5.9161976235147,1513208850.75345
"exp2","gbt","large","cluster-cin-w-6.c.spark-186801.internal",95.541958041958,0.024975024975025,0,0,0.024975024975025,0.262237762237762,4.14585414585415,1513208850.75437
"exp2","gbt","large","cluster-cin-w-0.c.spark-186801.internal",96.0355177588794,0.0250125062531266,0,0,0.0125062531265633,0.225112556278139,3.70185092546273,1513208850.75506
"exp2","gbt","large","cluster-cin-w-1.c.spark-186801.internal",96.4049432030957,0,0,0,0.037448508301086,0.299588066408688,3.25802022219448,1513208855.74584
"exp2","gbt","large","cluster-cin-w-2.c.spark-186801.internal",60.0875,0.0125,0,0,0.05,1.1625,38.6875,1513208855.74756
"exp2","gbt","large","cluster-cin-w-3.c.spark-186801.internal",96.827379465401,0,0,0,0,0.187359480389708,2.98526105420934,1513208855.75622
"exp2","gbt","large","cluster-cin-w-5.c.spark-186801.internal",96.1125,0,0,0,0.0375,0.35,3.5,1513208855.75826
"exp2","gbt","large","cluster-cin-w-4.c.spark-186801.internal",94.6209657242932,0.0500375281461096,0,0,0.0250187640730548,0.62546910182637,4.67850888166125,1513208855.75872
"exp2","gbt","large","cluster-cin-w-6.c.spark-186801.internal",96.1706920285321,0.0125140783381304,0,0,0,0.563133525215868,3.2536603679139,1513208855.75944
"exp2","gbt","large","cluster-cin-w-0.c.spark-186801.internal",96.6966966966967,0,0,0,0.0125125125125125,0.262762762762763,3.02802802802803,1513208855.76061
"exp2","gbt","large","cluster-cin-w-1.c.spark-186801.internal",92.5587793896948,0.0125062531265633,0,0,0.0125062531265633,0.450225112556278,6.96598299149575,1513208860.75128
"exp2","gbt","large","cluster-cin-w-2.c.spark-186801.internal",72.8273102413405,0,0,0,0.250093785169439,1.48805802175816,25.4345379517319,1513208860.75301
"exp2","gbt","large","cluster-cin-w-3.c.spark-186801.internal",91.6832917705736,0.0249376558603491,0,0,0.0124688279301746,0.486284289276808,7.7930174563591,1513208860.7617
"exp2","gbt","large","cluster-cin-w-5.c.spark-186801.internal",92.3835684854539,0,0,0,0.0124859533025346,0.486952178798851,7.11699338244475,1513208860.76387
"exp2","gbt","large","cluster-cin-w-4.c.spark-186801.internal",88.1815907953977,0,0,0,0.0375187593796898,0.525262631315658,11.255627813907,1513208860.76413
"exp2","gbt","large","cluster-cin-w-6.c.spark-186801.internal",92.2932565995246,0.0125109470786939,0,0,0.0250218941573877,0.48792693606906,7.18128362317027,1513208860.76504
"exp2","gbt","large","cluster-cin-w-0.c.spark-186801.internal",92.3982467125861,0.0250469630557295,0,0,0.0375704445835942,0.413274890419537,7.12586098935504,1513208860.76624
"exp2","gbt","large","cluster-cin-w-1.c.spark-186801.internal",95.3755780527434,0.0249968753905762,0,0,0.0249968753905762,0.274965629296338,4.2994625671791,1513208865.75504
"exp2","gbt","large","cluster-cin-w-2.c.spark-186801.internal",66.7124656507619,0.0124906320259805,0,0,0.0374718960779415,0.711966025480889,32.5256057956533,1513208865.75776
"exp2","gbt","large","cluster-cin-w-3.c.spark-186801.internal",95.0954698614751,0.0124797204542618,0,0,0.0124797204542618,0.311993011356546,4.56757768625983,1513208865.76721
"exp2","gbt","large","cluster-cin-w-5.c.spark-186801.internal",95.375,0.0375,0,0,0,0.125,4.4625,1513208865.76949
"exp2","gbt","large","cluster-cin-w-4.c.spark-186801.internal",92.476880779805,0.0249937515621095,0,0,0.0499875031242189,0.337415646088478,7.11072231942014,1513208865.76956
"exp2","gbt","large","cluster-cin-w-6.c.spark-186801.internal",94.8906933166771,0.0124921923797626,0,0,0.0124921923797626,0.287320424734541,4.79700187382886,1513208865.77115
"exp2","gbt","large","cluster-cin-w-0.c.spark-186801.internal",95.5891540672248,0.0124953142571536,0,0,0.0124953142571536,0.112457828314382,4.27339747594652,1513208865.77181
"exp2","gbt","large","cluster-cin-w-1.c.spark-186801.internal",95.2529668956902,0.0249843847595253,0,0,0.0124921923797626,0.274828232354778,4.43472829481574,1513208870.75676
"exp2","gbt","large","cluster-cin-w-2.c.spark-186801.internal",65.6803995006242,0.0499375780274657,0,0,0.0749063670411985,0.561797752808989,33.6329588014981,1513208870.76334
"exp2","gbt","large","cluster-cin-w-3.c.spark-186801.internal",95.7827556000501,0.0125140783381304,0,0,0.0125140783381304,0.162683018395695,4.02953322487799,1513208870.77272
"exp2","gbt","large","cluster-cin-w-4.c.spark-186801.internal",92.825,0,0,0,0.0125,0.475,6.6875,1513208870.77504
"exp2","gbt","large","cluster-cin-w-5.c.spark-186801.internal",94.4527736131934,0.0124937531234383,0,0,0,0.36231884057971,5.17241379310345,1513208870.7751
"exp2","gbt","large","cluster-cin-w-6.c.spark-186801.internal",95.4284286784911,0.0124906320259805,0,0,0.0124906320259805,0.262303272545591,4.28428678491132,1513208870.7764
"exp2","gbt","large","cluster-cin-w-0.c.spark-186801.internal",95.125,0.0125,0,0,0.0125,0.2875,4.5625,1513208870.77716
"exp2","gbt","large","cluster-cin-w-1.c.spark-186801.internal",94.6947946573462,0.012482836100362,0,0,0.012482836100362,0.386967919111222,4.8932717513419,1513208875.76217
"exp2","gbt","large","cluster-cin-w-2.c.spark-186801.internal",76.1934516370907,0.0124968757810547,0,0,0.187453136715821,1.09972506873282,22.5068732816796,1513208875.76986
"exp2","gbt","large","cluster-cin-w-3.c.spark-186801.internal",93.3350006252345,0.0125046892584719,0,0,0.0125046892584719,0.562711016631237,6.07727897961736,1513208875.77762
"exp2","gbt","large","cluster-cin-w-5.c.spark-186801.internal",94.5472736368184,0.0125062531265633,0,0,0.0250125062531266,0.362681340670335,5.05252626313157,1513208875.77931
"exp2","gbt","large","cluster-cin-w-4.c.spark-186801.internal",91.2037037037037,0.0125125125125125,0,0,0.025025025025025,0.500500500500501,8.25825825825826,1513208875.78055
"exp2","gbt","large","cluster-cin-w-0.c.spark-186801.internal",94.342928660826,0.0250312891113892,0,0,0.0125156445556946,0.312891113892365,5.30663329161452,1513208875.78128
"exp2","gbt","large","cluster-cin-w-6.c.spark-186801.internal",93.8984746186547,0.0125031257814454,0,0,0.0125031257814454,0.487621905476369,5.58889722430608,1513208875.78201
"exp2","gbt","large","cluster-cin-w-1.c.spark-186801.internal",94.5118139767471,0.0125015626953369,0,0,0.0125015626953369,0.300037504688086,5.16314539317415,1513208880.76768
"exp2","gbt","large","cluster-cin-w-2.c.spark-186801.internal",61.8518055729102,0.0124953142571536,0,0,0.087467199800075,0.549793827314757,37.4984380857179,1513208880.77537
"exp2","gbt","large","cluster-cin-w-3.c.spark-186801.internal",95.2380952380952,0.0124984376952881,0,0,0.0124984376952881,0.149981252343457,4.58692663417073,1513208880.78162
"exp2","gbt","large","cluster-cin-w-5.c.spark-186801.internal",94.7763059235191,0.0124968757810547,0,0,0.0124968757810547,0.287428142964259,4.91127218195451,1513208880.78335
"exp2","gbt","large","cluster-cin-w-4.c.spark-186801.internal",92.4759405074366,0.0249968753905762,0,0,0.0249968753905762,0.349956255468066,7.12410948631421,1513208880.78399
"exp2","gbt","large","cluster-cin-w-0.c.spark-186801.internal",95.1862965741435,0.0125031257814454,0,0,0.0250062515628907,0.18754688672168,4.58864716179045,1513208880.78484
"exp2","gbt","large","cluster-cin-w-6.c.spark-186801.internal",94.5929070929071,0.0124875124875125,0,0,0.0124875124875125,0.437062937062937,4.94505494505495,1513208880.78518
"exp2","gbt","large","cluster-cin-w-1.c.spark-186801.internal",96.5603502188868,0.0125078173858662,0,0,0.0125078173858662,0.225140712945591,3.18949343339587,1513208885.77332
"exp2","gbt","large","cluster-cin-w-2.c.spark-186801.internal",55.2197802197802,0.0124875124875125,0,0,0.0999000999000999,0.44955044955045,44.2182817182817,1513208885.781
"exp2","gbt","large","cluster-cin-w-3.c.spark-186801.internal",96.66375109334,0.0124953142571536,0,0,0.0249906285143071,0.199925028114457,3.09883793577408,1513208885.78719
"exp2","gbt","large","cluster-cin-w-5.c.spark-186801.internal",96.5862198324372,0.0250093785169439,0,0,0.0125046892584719,0.287607852944854,3.08865824684257,1513208885.78889
"exp2","gbt","large","cluster-cin-w-4.c.spark-186801.internal",94.973743435859,0.0125031257814454,0,0,0.0125031257814454,0.150037509377344,4.8512128032008,1513208885.78954
"exp2","gbt","large","cluster-cin-w-0.c.spark-186801.internal",96.3808810682641,0.0124797204542618,0,0,0.0124797204542618,0.237114688630975,3.35704480219643,1513208885.7904
"exp2","gbt","large","cluster-cin-w-6.c.spark-186801.internal",97.0878640169979,0.0249968753905762,0,0,0,0.174978127734033,2.71216097987752,1513208885.79081
"exp2","gbt","large","cluster-cin-w-1.c.spark-186801.internal",96.275,0.0125,0,0,0.025,0.1875,3.5,1513208890.77877
"exp2","gbt","large","cluster-cin-w-2.c.spark-186801.internal",61.6026919242273,0.174476570289133,0,0,0.0997008973080758,0.510967098703888,37.6121635094716,1513208890.7857
"exp2","gbt","large","cluster-cin-w-5.c.spark-186801.internal",95.4147926036981,0.0124937531234383,0,0,0,0.187406296851574,4.38530734632684,1513208890.79135
"exp2","gbt","large","cluster-cin-w-3.c.spark-186801.internal",96.2245280660082,0,0,0,0,0.0875109388673584,3.68796099512439,1513208890.79259
"exp2","gbt","large","cluster-cin-w-0.c.spark-186801.internal",95.6043956043956,0.0124875124875125,0,0,0.0374625374625375,0.237262737262737,4.10839160839161,1513208890.79323
